numgame: 1, moves: 43, (2.0,9.0) (9.0,2.0) (8.0,9.0) (6.0,2.0) (9.0,8.0) (7.0,6.0) (10.0,12.0) (6.0,8.0) (12.0,5.0) (5.0,10.0) (8.0,6.0) (10.0,5.0) (3.0,5.0) (8.0,7.0) (7.0,4.0) (7.0,8.0) (6.0,7.0) (10.0,10.0) (10.0,3.0) (8.0,5.0) (8.0,4.0) (10.0,4.0) (5.0,5.0) (5.0,2.0) (10.0,7.0) (11.0,5.0) (13.0,4.0) (7.0,7.0) (5.0,1.0) (8.0,8.0) (8.0,2.0) (5.0,8.0) (9.0,7.0) (7.0,5.0) (5.0,3.0) (7.0,9.0) (10.0,2.0) (4.0,5.0) (5.0,7.0) (7.0,2.0) (5.0,4.0) (8.0,10.0) (8.0,11.0)
numgame: 2, moves: 22, (6.0,13.0) (2.0,9.0) (5.0,12.0) (8.0,11.0) (2.0,6.0) (9.0,2.0) (8.0,6.0) (9.0,13.0) (12.0,10.0) (4.0,8.0) (13.0,9.0) (6.0,2.0) (7.0,4.0) (3.0,10.0) (5.0,10.0) (5.0,5.0) (5.0,3.0) (8.0,4.0) (10.0,5.0) (4.0,11.0) (10.0,4.0) (10.0,10.0)
numgame: 3, moves: 51, (7.0,6.0) (12.0,10.0) (10.0,12.0) (10.0,10.0) (7.0,9.0) (9.0,7.0) (13.0,6.0) (6.0,13.0) (9.0,8.0) (11.0,8.0) (10.0,5.0) (8.0,9.0) (10.0,3.0) (3.0,5.0) (6.0,2.0) (8.0,8.0) (5.0,5.0) (5.0,10.0) (10.0,8.0) (13.0,11.0) (8.0,7.0) (7.0,8.0) (8.0,4.0) (6.0,7.0) (7.0,7.0) (7.0,10.0) (8.0,5.0) (10.0,7.0) (12.0,5.0) (7.0,5.0) (7.0,4.0) (4.0,7.0) (5.0,4.0) (10.0,2.0) (11.0,7.0) (8.0,10.0) (13.0,5.0) (5.0,8.0) (5.0,7.0) (11.0,10.0) (2.0,7.0) (8.0,11.0) (4.0,5.0) (6.0,8.0) (4.0,8.0) (7.0,11.0) (10.0,11.0) (2.0,8.0) (13.0,8.0) (8.0,6.0) (8.0,2.0)
numgame: 4, moves: 41, (9.0,8.0) (12.0,5.0) (10.0,5.0) (2.0,6.0) (10.0,10.0) (5.0,10.0) (6.0,7.0) (5.0,5.0) (6.0,8.0) (9.0,7.0) (8.0,9.0) (13.0,6.0) (3.0,10.0) (10.0,3.0) (5.0,12.0) (7.0,10.0) (4.0,10.0) (7.0,9.0) (8.0,8.0) (7.0,8.0) (7.0,7.0) (7.0,11.0) (10.0,8.0) (3.0,11.0) (8.0,10.0) (10.0,12.0) (8.0,11.0) (5.0,11.0) (10.0,11.0) (9.0,13.0) (11.0,8.0) (8.0,7.0) (7.0,13.0) (5.0,8.0) (4.0,7.0) (2.0,9.0) (7.0,6.0) (2.0,11.0) (5.0,7.0) (4.0,8.0) (2.0,10.0)
numgame: 5, moves: 21, (9.0,13.0) (13.0,6.0) (3.0,5.0) (6.0,13.0) (8.0,9.0) (7.0,6.0) (5.0,12.0) (12.0,5.0) (8.0,11.0) (10.0,10.0) (7.0,11.0) (10.0,11.0) (9.0,7.0) (6.0,2.0) (5.0,3.0) (2.0,9.0) (10.0,5.0) (8.0,4.0) (4.0,7.0) (5.0,10.0) (5.0,5.0)
numgame: 6, moves: 54, (9.0,7.0) (13.0,9.0) (6.0,2.0) (8.0,4.0) (2.0,6.0) (4.0,8.0) (8.0,6.0) (3.0,10.0) (9.0,8.0) (6.0,8.0) (10.0,5.0) (10.0,10.0) (12.0,5.0) (7.0,9.0) (5.0,5.0) (10.0,3.0) (10.0,12.0) (5.0,10.0) (8.0,10.0) (8.0,8.0) (7.0,7.0) (4.0,10.0) (4.0,7.0) (2.0,9.0) (2.0,10.0) (5.0,7.0) (5.0,8.0) (6.0,7.0) (7.0,8.0) (2.0,11.0) (8.0,9.0) (8.0,11.0) (8.0,7.0) (7.0,10.0) (5.0,12.0) (7.0,6.0) (11.0,10.0) (6.0,13.0) (5.0,4.0) (4.0,11.0) (8.0,5.0) (7.0,4.0) (11.0,2.0) (7.0,5.0) (10.0,8.0) (5.0,2.0) (7.0,11.0) (11.0,8.0) (11.0,7.0) (10.0,11.0) (11.0,11.0) (13.0,8.0) (10.0,7.0) (10.0,4.0)
numgame: 7, moves: 42, (10.0,5.0) (9.0,7.0) (13.0,6.0) (7.0,9.0) (9.0,8.0) (7.0,6.0) (6.0,13.0) (13.0,9.0) (11.0,7.0) (10.0,12.0) (8.0,11.0) (6.0,7.0) (5.0,3.0) (8.0,8.0) (12.0,10.0) (5.0,5.0) (3.0,10.0) (7.0,7.0) (8.0,7.0) (5.0,10.0) (5.0,7.0) (10.0,10.0) (7.0,8.0) (5.0,8.0) (7.0,10.0) (6.0,8.0) (8.0,10.0) (10.0,13.0) (8.0,9.0) (4.0,5.0) (11.0,13.0) (10.0,11.0) (5.0,12.0) (2.0,11.0) (10.0,8.0) (8.0,6.0) (4.0,10.0) (7.0,11.0) (4.0,8.0) (2.0,10.0) (4.0,7.0) (7.0,4.0)
numgame: 8, moves: 20, (5.0,5.0) (2.0,6.0) (3.0,10.0) (6.0,13.0) (6.0,7.0) (4.0,8.0) (13.0,9.0) (12.0,5.0) (5.0,10.0) (5.0,3.0) (10.0,12.0) (8.0,11.0) (10.0,10.0) (9.0,13.0) (9.0,2.0) (8.0,6.0) (10.0,5.0) (7.0,4.0) (7.0,9.0) (11.0,7.0)
numgame: 9, moves: 52, (6.0,13.0) (6.0,2.0) (8.0,6.0) (8.0,4.0) (12.0,10.0) (3.0,10.0) (5.0,5.0) (10.0,10.0) (10.0,12.0) (8.0,9.0) (9.0,8.0) (7.0,9.0) (9.0,7.0) (8.0,8.0) (10.0,3.0) (2.0,6.0) (8.0,11.0) (5.0,10.0) (7.0,7.0) (6.0,8.0) (10.0,8.0) (8.0,10.0) (10.0,11.0) (7.0,11.0) (5.0,13.0) (7.0,8.0) (11.0,13.0) (10.0,5.0) (8.0,7.0) (7.0,10.0) (10.0,7.0) (10.0,13.0) (4.0,10.0) (9.0,13.0) (11.0,12.0) (10.0,4.0) (6.0,7.0) (8.0,5.0) (7.0,6.0) (11.0,10.0) (11.0,8.0) (7.0,5.0) (13.0,8.0) (11.0,11.0) (7.0,4.0) (13.0,9.0) (10.0,2.0) (7.0,2.0) (4.0,7.0) (5.0,8.0) (5.0,7.0) (4.0,8.0)
numgame: 10, moves: 52, (2.0,9.0) (5.0,5.0) (3.0,5.0) (13.0,6.0) (5.0,12.0) (10.0,3.0) (6.0,7.0) (9.0,8.0) (13.0,9.0) (10.0,5.0) (9.0,7.0) (2.0,6.0) (12.0,10.0) (11.0,8.0) (11.0,7.0) (6.0,13.0) (11.0,5.0) (5.0,10.0) (4.0,7.0) (10.0,10.0) (4.0,8.0) (4.0,5.0) (7.0,5.0) (5.0,7.0) (5.0,8.0) (2.0,5.0) (7.0,7.0) (8.0,8.0) (12.0,4.0) (10.0,8.0) (13.0,5.0) (8.0,6.0) (6.0,8.0) (10.0,7.0) (2.0,8.0) (7.0,9.0) (13.0,10.0) (8.0,7.0) (7.0,6.0) (11.0,10.0) (12.0,5.0) (3.0,10.0) (8.0,9.0) (2.0,7.0) (7.0,4.0) (8.0,10.0) (5.0,4.0) (4.0,11.0) (8.0,4.0) (7.0,8.0) (11.0,4.0) (9.0,2.0)
numgame: 11, moves: 52, (2.0,9.0) (5.0,12.0) (10.0,5.0) (8.0,6.0) (9.0,2.0) (7.0,4.0) (9.0,13.0) (8.0,9.0) (5.0,5.0) (2.0,6.0) (12.0,5.0) (3.0,5.0) (6.0,13.0) (10.0,10.0) (5.0,3.0) (8.0,11.0) (6.0,7.0) (5.0,10.0) (7.0,11.0) (7.0,8.0) (8.0,7.0) (5.0,11.0) (5.0,8.0) (7.0,10.0) (8.0,10.0) (9.0,8.0) (8.0,13.0) (7.0,6.0) (8.0,5.0) (10.0,7.0) (5.0,13.0) (7.0,5.0) (10.0,8.0) (9.0,7.0) (7.0,7.0) (6.0,8.0) (5.0,7.0) (2.0,4.0) (4.0,8.0) (8.0,4.0) (2.0,10.0) (5.0,4.0) (10.0,4.0) (6.0,2.0) (4.0,4.0) (3.0,3.0) (7.0,9.0) (8.0,8.0) (7.0,13.0) (4.0,10.0) (4.0,7.0) (11.0,8.0)
numgame: 12, moves: 51, (5.0,10.0) (6.0,13.0) (5.0,5.0) (6.0,7.0) (10.0,5.0) (12.0,10.0) (9.0,7.0) (10.0,10.0) (8.0,11.0) (8.0,6.0) (10.0,3.0) (8.0,9.0) (7.0,8.0) (3.0,10.0) (7.0,9.0) (10.0,12.0) (8.0,7.0) (9.0,8.0) (8.0,8.0) (7.0,6.0) (10.0,8.0) (7.0,7.0) (10.0,7.0) (12.0,5.0) (7.0,10.0) (5.0,4.0) (6.0,8.0) (5.0,8.0) (4.0,10.0) (11.0,7.0) (13.0,5.0) (8.0,10.0) (5.0,7.0) (8.0,5.0) (3.0,11.0) (7.0,5.0) (11.0,8.0) (13.0,9.0) (8.0,4.0) (11.0,5.0) (3.0,5.0) (11.0,10.0) (7.0,4.0) (14.0,5.0) (4.0,7.0) (4.0,8.0) (7.0,11.0) (10.0,11.0) (13.0,8.0) (2.0,7.0) (4.0,5.0)
numgame: 13, moves: 21, (9.0,2.0) (2.0,9.0) (9.0,13.0) (5.0,3.0) (5.0,10.0) (7.0,11.0) (6.0,8.0) (6.0,7.0) (13.0,9.0) (12.0,5.0) (7.0,4.0) (5.0,5.0) (13.0,6.0) (3.0,10.0) (2.0,6.0) (5.0,12.0) (11.0,8.0) (11.0,7.0) (10.0,5.0) (11.0,10.0) (10.0,10.0)
numgame: 14, moves: 52, (9.0,7.0) (8.0,6.0) (2.0,6.0) (4.0,8.0) (12.0,10.0) (13.0,9.0) (10.0,8.0) (11.0,7.0) (10.0,3.0) (10.0,5.0) (3.0,5.0) (6.0,8.0) (5.0,5.0) (5.0,12.0) (10.0,10.0) (7.0,7.0) (9.0,8.0) (8.0,8.0) (2.0,9.0) (7.0,8.0) (5.0,10.0) (10.0,7.0) (8.0,7.0) (6.0,7.0) (4.0,11.0) (7.0,6.0) (4.0,7.0) (8.0,9.0) (7.0,10.0) (7.0,9.0) (4.0,5.0) (5.0,8.0) (5.0,11.0) (4.0,12.0) (13.0,5.0) (8.0,5.0) (7.0,5.0) (11.0,2.0) (7.0,4.0) (5.0,7.0) (2.0,10.0) (2.0,7.0) (2.0,8.0) (8.0,10.0) (1.0,8.0) (5.0,4.0) (4.0,10.0) (8.0,4.0) (3.0,10.0) (5.0,3.0) (2.0,11.0) (3.0,11.0)
numgame: 15, moves: 53, (10.0,3.0) (2.0,6.0) (6.0,7.0) (8.0,9.0) (12.0,10.0) (9.0,13.0) (7.0,8.0) (9.0,2.0) (3.0,5.0) (10.0,10.0) (13.0,6.0) (7.0,11.0) (6.0,8.0) (7.0,9.0) (7.0,4.0) (5.0,5.0) (10.0,5.0) (8.0,7.0) (7.0,10.0) (10.0,12.0) (5.0,10.0) (11.0,8.0) (8.0,10.0) (10.0,8.0) (10.0,7.0) (8.0,5.0) (7.0,6.0) (5.0,7.0) (9.0,8.0) (8.0,8.0) (8.0,6.0) (12.0,5.0) (11.0,5.0) (7.0,7.0) (7.0,5.0) (10.0,4.0) (4.0,5.0) (4.0,8.0) (5.0,8.0) (4.0,7.0) (2.0,5.0) (11.0,7.0) (13.0,7.0) (2.0,7.0) (13.0,9.0) (9.0,7.0) (5.0,11.0) (5.0,4.0) (8.0,4.0) (5.0,3.0) (11.0,11.0) (11.0,4.0) (8.0,11.0)
numgame: 16, moves: 24, (13.0,6.0) (11.0,8.0) (13.0,9.0) (5.0,5.0) (9.0,2.0) (5.0,3.0) (6.0,13.0) (9.0,13.0) (6.0,7.0) (7.0,11.0) (3.0,10.0) (10.0,10.0) (7.0,4.0) (10.0,12.0) (7.0,6.0) (5.0,8.0) (2.0,9.0) (5.0,7.0) (12.0,10.0) (11.0,7.0) (11.0,5.0) (10.0,5.0) (5.0,10.0) (11.0,11.0)
numgame: 17, moves: 46, (12.0,5.0) (3.0,5.0) (8.0,9.0) (7.0,9.0) (6.0,2.0) (8.0,4.0) (8.0,6.0) (9.0,7.0) (5.0,3.0) (2.0,6.0) (10.0,10.0) (10.0,5.0) (5.0,5.0) (9.0,13.0) (7.0,5.0) (6.0,8.0) (4.0,4.0) (4.0,5.0) (7.0,11.0) (7.0,7.0) (8.0,8.0) (5.0,11.0) (8.0,11.0) (10.0,12.0) (6.0,13.0) (8.0,10.0) (10.0,8.0) (11.0,13.0) (7.0,10.0) (10.0,7.0) (5.0,8.0) (9.0,8.0) (7.0,8.0) (11.0,8.0) (10.0,2.0) (8.0,7.0) (6.0,7.0) (13.0,10.0) (5.0,10.0) (8.0,5.0) (7.0,6.0) (3.0,4.0) (5.0,12.0) (10.0,3.0) (11.0,5.0) (11.0,7.0)
numgame: 18, moves: 59, (7.0,6.0) (9.0,13.0) (12.0,5.0) (8.0,6.0) (10.0,10.0) (10.0,3.0) (8.0,9.0) (7.0,9.0) (5.0,5.0) (6.0,2.0) (5.0,12.0) (6.0,13.0) (9.0,7.0) (3.0,5.0) (7.0,11.0) (8.0,4.0) (10.0,5.0) (5.0,10.0) (8.0,11.0) (8.0,8.0) (10.0,11.0) (8.0,10.0) (10.0,8.0) (7.0,7.0) (12.0,10.0) (6.0,8.0) (10.0,7.0) (11.0,10.0) (5.0,7.0) (7.0,5.0) (4.0,5.0) (7.0,4.0) (5.0,4.0) (5.0,3.0) (8.0,13.0) (7.0,2.0) (9.0,8.0) (4.0,7.0) (8.0,7.0) (11.0,8.0) (6.0,7.0) (13.0,10.0) (7.0,8.0) (8.0,5.0) (11.0,2.0) (7.0,10.0) (11.0,5.0) (10.0,13.0) (7.0,13.0) (4.0,8.0) (5.0,8.0) (11.0,4.0) (11.0,3.0) (11.0,7.0) (5.0,11.0) (4.0,10.0) (3.0,10.0) (2.0,11.0) (11.0,11.0)
numgame: 19, moves: 27, (9.0,13.0) (10.0,3.0) (2.0,6.0) (12.0,10.0) (6.0,8.0) (5.0,12.0) (6.0,7.0) (13.0,9.0) (13.0,6.0) (9.0,2.0) (4.0,8.0) (3.0,5.0) (5.0,5.0) (7.0,9.0) (5.0,10.0) (11.0,7.0) (5.0,7.0) (7.0,4.0) (5.0,8.0) (7.0,8.0) (8.0,9.0) (10.0,10.0) (10.0,5.0) (2.0,10.0) (11.0,8.0) (8.0,7.0) (11.0,5.0)
numgame: 20, moves: 21, (8.0,6.0) (10.0,3.0) (3.0,10.0) (10.0,12.0) (6.0,13.0) (2.0,9.0) (8.0,9.0) (7.0,6.0) (5.0,10.0) (9.0,13.0) (4.0,7.0) (7.0,11.0) (10.0,10.0) (5.0,5.0) (9.0,2.0) (12.0,10.0) (6.0,2.0) (8.0,4.0) (10.0,5.0) (8.0,11.0) (5.0,11.0)
numgame: 21, moves: 50, (12.0,10.0) (8.0,9.0) (7.0,6.0) (5.0,3.0) (9.0,7.0) (8.0,6.0) (7.0,9.0) (10.0,12.0) (6.0,7.0) (9.0,13.0) (3.0,10.0) (5.0,10.0) (8.0,8.0) (5.0,8.0) (5.0,5.0) (7.0,11.0) (5.0,7.0) (10.0,8.0) (6.0,8.0) (10.0,10.0) (7.0,8.0) (7.0,7.0) (4.0,10.0) (9.0,8.0) (10.0,11.0) (10.0,5.0) (8.0,7.0) (8.0,5.0) (8.0,10.0) (8.0,11.0) (6.0,13.0) (5.0,13.0) (4.0,11.0) (7.0,10.0) (5.0,12.0) (5.0,4.0) (7.0,14.0) (10.0,13.0) (2.0,10.0) (7.0,5.0) (4.0,8.0) (4.0,12.0) (11.0,10.0) (8.0,13.0) (7.0,13.0) (7.0,15.0) (8.0,14.0) (11.0,11.0) (5.0,11.0) (5.0,14.0)
numgame: 22, moves: 28, (13.0,9.0) (6.0,13.0) (13.0,6.0) (10.0,3.0) (9.0,13.0) (6.0,7.0) (2.0,9.0) (3.0,10.0) (12.0,10.0) (10.0,5.0) (5.0,10.0) (9.0,2.0) (4.0,7.0) (7.0,11.0) (10.0,12.0) (8.0,11.0) (5.0,5.0) (7.0,6.0) (10.0,11.0) (8.0,5.0) (7.0,5.0) (11.0,7.0) (10.0,10.0) (11.0,11.0) (10.0,13.0) (7.0,10.0) (8.0,10.0) (5.0,13.0)
numgame: 23, moves: 21, (9.0,2.0) (12.0,5.0) (6.0,7.0) (6.0,8.0) (7.0,4.0) (5.0,12.0) (2.0,9.0) (9.0,13.0) (13.0,9.0) (10.0,5.0) (8.0,6.0) (3.0,5.0) (7.0,7.0) (5.0,5.0) (8.0,8.0) (11.0,7.0) (2.0,6.0) (7.0,11.0) (5.0,3.0) (10.0,10.0) (5.0,10.0)
numgame: 24, moves: 41, (2.0,9.0) (8.0,6.0) (5.0,12.0) (3.0,5.0) (5.0,3.0) (6.0,7.0) (2.0,6.0) (5.0,5.0) (9.0,2.0) (4.0,7.0) (8.0,9.0) (5.0,10.0) (10.0,10.0) (6.0,13.0) (4.0,8.0) (4.0,5.0) (10.0,5.0) (7.0,5.0) (7.0,8.0) (8.0,7.0) (9.0,13.0) (12.0,10.0) (5.0,7.0) (2.0,7.0) (8.0,11.0) (9.0,7.0) (5.0,8.0) (2.0,5.0) (2.0,8.0) (6.0,8.0) (7.0,9.0) (8.0,8.0) (5.0,4.0) (7.0,7.0) (10.0,4.0) (7.0,6.0) (8.0,10.0) (4.0,3.0) (11.0,10.0) (3.0,10.0) (4.0,11.0)
numgame: 25, moves: 54, (5.0,12.0) (5.0,10.0) (10.0,3.0) (7.0,9.0) (8.0,9.0) (10.0,5.0) (3.0,5.0) (10.0,10.0) (6.0,8.0) (9.0,13.0) (2.0,6.0) (4.0,8.0) (5.0,5.0) (9.0,7.0) (6.0,2.0) (12.0,10.0) (8.0,6.0) (8.0,8.0) (8.0,4.0) (7.0,7.0) (10.0,8.0) (10.0,7.0) (10.0,4.0) (7.0,4.0) (9.0,2.0) (5.0,7.0) (8.0,5.0) (7.0,5.0) (10.0,2.0) (8.0,7.0) (11.0,7.0) (13.0,5.0) (7.0,6.0) (6.0,7.0) (5.0,8.0) (2.0,8.0) (7.0,8.0) (9.0,8.0) (7.0,10.0) (4.0,7.0) (7.0,11.0) (4.0,11.0) (4.0,5.0) (2.0,7.0) (11.0,8.0) (8.0,11.0) (8.0,10.0) (11.0,5.0) (8.0,2.0) (10.0,11.0) (5.0,4.0) (7.0,2.0) (11.0,10.0) (13.0,8.0)
numgame: 26, moves: 30, (13.0,9.0) (12.0,5.0) (9.0,13.0) (6.0,13.0) (9.0,7.0) (10.0,3.0) (2.0,6.0) (2.0,9.0) (10.0,12.0) (4.0,8.0) (10.0,5.0) (13.0,6.0) (11.0,7.0) (5.0,10.0) (10.0,10.0) (3.0,5.0) (8.0,11.0) (6.0,7.0) (4.0,7.0) (4.0,5.0) (5.0,5.0) (2.0,5.0) (5.0,8.0) (5.0,7.0) (2.0,10.0) (2.0,7.0) (5.0,4.0) (2.0,8.0) (6.0,8.0) (2.0,4.0)
numgame: 27, moves: 21, (9.0,13.0) (5.0,3.0) (10.0,10.0) (3.0,10.0) (6.0,8.0) (7.0,11.0) (8.0,6.0) (10.0,5.0) (12.0,5.0) (5.0,10.0) (2.0,9.0) (4.0,7.0) (5.0,5.0) (13.0,9.0) (10.0,12.0) (6.0,2.0) (7.0,7.0) (2.0,6.0) (11.0,7.0) (8.0,8.0) (9.0,2.0)
numgame: 28, moves: 55, (6.0,13.0) (8.0,9.0) (8.0,11.0) (5.0,3.0) (6.0,7.0) (7.0,9.0) (3.0,10.0) (12.0,5.0) (5.0,12.0) (9.0,2.0) (10.0,10.0) (7.0,8.0) (5.0,10.0) (9.0,8.0) (2.0,6.0) (8.0,6.0) (7.0,10.0) (4.0,10.0) (10.0,5.0) (7.0,4.0) (4.0,8.0) (10.0,13.0) (8.0,7.0) (4.0,7.0) (5.0,5.0) (7.0,11.0) (10.0,11.0) (7.0,6.0) (5.0,8.0) (10.0,12.0) (6.0,8.0) (7.0,7.0) (5.0,11.0) (8.0,10.0) (5.0,7.0) (7.0,13.0) (8.0,8.0) (5.0,4.0) (4.0,4.0) (8.0,4.0) (7.0,5.0) (4.0,2.0) (10.0,8.0) (6.0,2.0) (9.0,7.0) (2.0,10.0) (8.0,5.0) (10.0,7.0) (11.0,7.0) (3.0,5.0) (10.0,4.0) (11.0,8.0) (11.0,5.0) (8.0,2.0) (8.0,1.0)
numgame: 29, moves: 47, (9.0,7.0) (5.0,10.0) (2.0,6.0) (10.0,10.0) (13.0,6.0) (7.0,9.0) (10.0,3.0) (10.0,12.0) (12.0,10.0) (3.0,5.0) (10.0,5.0) (5.0,5.0) (13.0,9.0) (6.0,8.0) (8.0,8.0) (5.0,7.0) (6.0,7.0) (4.0,8.0) (11.0,8.0) (11.0,7.0) (11.0,5.0) (7.0,7.0) (8.0,7.0) (9.0,13.0) (11.0,11.0) (7.0,5.0) (8.0,6.0) (8.0,5.0) (8.0,4.0) (5.0,8.0) (10.0,8.0) (8.0,10.0) (2.0,8.0) (7.0,8.0) (7.0,6.0) (9.0,8.0) (10.0,7.0) (11.0,10.0) (11.0,2.0) (12.0,11.0) (13.0,10.0) (8.0,9.0) (8.0,11.0) (7.0,10.0) (5.0,12.0) (10.0,11.0) (8.0,13.0)
numgame: 30, moves: 22, (2.0,6.0) (10.0,3.0) (2.0,9.0) (12.0,5.0) (9.0,13.0) (6.0,13.0) (13.0,6.0) (8.0,11.0) (5.0,12.0) (5.0,5.0) (3.0,5.0) (6.0,7.0) (9.0,7.0) (10.0,5.0) (4.0,8.0) (8.0,9.0) (5.0,10.0) (4.0,7.0) (10.0,10.0) (4.0,10.0) (7.0,8.0) (8.0,7.0)
numgame: 31, moves: 29, (13.0,6.0) (12.0,10.0) (10.0,10.0) (5.0,3.0) (10.0,5.0) (11.0,8.0) (5.0,12.0) (2.0,6.0) (9.0,8.0) (6.0,7.0) (2.0,9.0) (13.0,9.0) (5.0,10.0) (3.0,10.0) (5.0,5.0) (9.0,2.0) (6.0,8.0) (4.0,8.0) (11.0,7.0) (11.0,10.0) (13.0,10.0) (10.0,7.0) (7.0,4.0) (10.0,8.0) (8.0,10.0) (13.0,8.0) (13.0,7.0) (14.0,7.0) (10.0,11.0)
numgame: 32, moves: 53, (7.0,9.0) (5.0,12.0) (7.0,6.0) (5.0,10.0) (5.0,5.0) (6.0,7.0) (12.0,10.0) (13.0,9.0) (9.0,7.0) (6.0,8.0) (8.0,6.0) (10.0,5.0) (3.0,5.0) (7.0,7.0) (10.0,3.0) (9.0,8.0) (5.0,7.0) (8.0,5.0) (10.0,8.0) (4.0,7.0) (2.0,9.0) (10.0,10.0) (8.0,8.0) (10.0,7.0) (5.0,11.0) (11.0,8.0) (13.0,6.0) (8.0,7.0) (7.0,4.0) (11.0,7.0) (13.0,5.0) (5.0,8.0) (14.0,10.0) (8.0,4.0) (5.0,4.0) (7.0,8.0) (7.0,10.0) (8.0,9.0) (8.0,11.0) (4.0,8.0) (4.0,5.0) (7.0,2.0) (4.0,13.0) (11.0,10.0) (2.0,10.0) (7.0,11.0) (13.0,10.0) (8.0,10.0) (4.0,10.0) (9.0,13.0) (7.0,5.0) (7.0,1.0) (7.0,13.0)
numgame: 33, moves: 47, (6.0,8.0) (10.0,12.0) (8.0,6.0) (7.0,9.0) (12.0,5.0) (5.0,10.0) (6.0,2.0) (9.0,8.0) (10.0,10.0) (9.0,7.0) (3.0,5.0) (5.0,3.0) (5.0,5.0) (7.0,5.0) (8.0,10.0) (7.0,10.0) (7.0,6.0) (10.0,5.0) (8.0,5.0) (13.0,9.0) (8.0,8.0) (7.0,7.0) (10.0,4.0) (8.0,7.0) (7.0,8.0) (8.0,4.0) (11.0,7.0) (7.0,4.0) (5.0,2.0) (4.0,7.0) (4.0,11.0) (10.0,7.0) (10.0,3.0) (10.0,2.0) (13.0,4.0) (6.0,7.0) (8.0,9.0) (5.0,4.0) (5.0,8.0) (10.0,8.0) (2.0,5.0) (8.0,11.0) (10.0,11.0) (6.0,13.0) (7.0,11.0) (4.0,8.0) (4.0,10.0)
numgame: 34, moves: 34, (6.0,8.0) (5.0,5.0) (10.0,12.0) (8.0,6.0) (10.0,3.0) (10.0,5.0) (5.0,10.0) (6.0,7.0) (12.0,5.0) (9.0,13.0) (2.0,9.0) (2.0,6.0) (3.0,5.0) (8.0,9.0) (9.0,2.0) (4.0,8.0) (7.0,8.0) (4.0,7.0) (5.0,8.0) (5.0,7.0) (4.0,10.0) (2.0,7.0) (2.0,4.0) (8.0,7.0) (7.0,5.0) (4.0,5.0) (2.0,5.0) (5.0,4.0) (7.0,7.0) (2.0,3.0) (10.0,10.0) (8.0,8.0) (8.0,10.0) (7.0,10.0)
numgame: 35, moves: 32, (5.0,12.0) (5.0,10.0) (13.0,6.0) (6.0,7.0) (11.0,8.0) (9.0,13.0) (5.0,5.0) (9.0,7.0) (13.0,9.0) (2.0,6.0) (3.0,10.0) (4.0,8.0) (2.0,9.0) (5.0,3.0) (10.0,10.0) (6.0,13.0) (11.0,7.0) (11.0,5.0) (10.0,5.0) (4.0,7.0) (4.0,5.0) (4.0,11.0) (12.0,5.0) (13.0,5.0) (10.0,8.0) (10.0,7.0) (13.0,7.0) (10.0,4.0) (13.0,10.0) (13.0,8.0) (9.0,8.0) (13.0,4.0)
numgame: 36, moves: 31, (7.0,9.0) (10.0,10.0) (6.0,13.0) (8.0,6.0) (9.0,8.0) (6.0,2.0) (5.0,5.0) (9.0,2.0) (3.0,5.0) (12.0,5.0) (8.0,9.0) (8.0,11.0) (5.0,12.0) (5.0,3.0) (7.0,6.0) (10.0,7.0) (10.0,5.0) (10.0,8.0) (8.0,7.0) (7.0,8.0) (7.0,4.0) (8.0,4.0) (5.0,10.0) (6.0,7.0) (10.0,4.0) (8.0,5.0) (11.0,5.0) (13.0,7.0) (5.0,2.0) (5.0,4.0) (10.0,3.0)
numgame: 37, moves: 25, (3.0,10.0) (12.0,10.0) (6.0,13.0) (9.0,13.0) (5.0,12.0) (7.0,6.0) (6.0,2.0) (13.0,6.0) (5.0,5.0) (10.0,5.0) (5.0,10.0) (9.0,2.0) (13.0,9.0) (7.0,11.0) (10.0,3.0) (7.0,4.0) (8.0,4.0) (7.0,9.0) (10.0,4.0) (10.0,10.0) (11.0,8.0) (10.0,7.0) (13.0,10.0) (11.0,10.0) (11.0,7.0)
numgame: 38, moves: 50, (13.0,6.0) (12.0,10.0) (5.0,10.0) (7.0,9.0) (3.0,10.0) (10.0,10.0) (6.0,8.0) (10.0,12.0) (9.0,8.0) (8.0,9.0) (9.0,2.0) (11.0,8.0) (7.0,6.0) (5.0,5.0) (7.0,4.0) (8.0,10.0) (8.0,7.0) (10.0,5.0) (11.0,10.0) (11.0,7.0) (10.0,8.0) (13.0,9.0) (13.0,8.0) (5.0,3.0) (10.0,11.0) (8.0,13.0) (6.0,2.0) (7.0,8.0) (6.0,7.0) (5.0,8.0) (5.0,7.0) (8.0,11.0) (7.0,11.0) (9.0,13.0) (7.0,10.0) (4.0,7.0) (2.0,7.0) (4.0,8.0) (2.0,10.0) (10.0,7.0) (8.0,5.0) (4.0,10.0) (1.0,10.0) (11.0,11.0) (9.0,7.0) (8.0,8.0) (12.0,12.0) (13.0,11.0) (7.0,5.0) (7.0,2.0)
numgame: 39, moves: 54, (12.0,5.0) (10.0,12.0) (8.0,9.0) (5.0,5.0) (7.0,9.0) (8.0,6.0) (10.0,5.0) (9.0,8.0) (7.0,6.0) (6.0,2.0) (5.0,10.0) (9.0,7.0) (10.0,10.0) (10.0,3.0) (6.0,8.0) (8.0,4.0) (3.0,5.0) (5.0,7.0) (7.0,7.0) (5.0,8.0) (7.0,5.0) (8.0,5.0) (11.0,2.0) (8.0,8.0) (5.0,3.0) (8.0,2.0) (7.0,4.0) (8.0,7.0) (5.0,2.0) (10.0,7.0) (10.0,4.0) (7.0,8.0) (5.0,11.0) (4.0,7.0) (7.0,10.0) (5.0,4.0) (11.0,4.0) (11.0,5.0) (7.0,11.0) (8.0,10.0) (10.0,8.0) (6.0,7.0) (11.0,7.0) (11.0,8.0) (8.0,11.0) (4.0,8.0) (10.0,11.0) (4.0,5.0) (11.0,12.0) (11.0,11.0) (7.0,2.0) (9.0,2.0) (6.0,13.0) (8.0,1.0)
numgame: 40, moves: 32, (9.0,2.0) (8.0,6.0) (6.0,2.0) (2.0,9.0) (13.0,9.0) (12.0,5.0) (10.0,3.0) (9.0,8.0) (10.0,10.0) (5.0,12.0) (3.0,5.0) (6.0,13.0) (2.0,6.0) (7.0,4.0) (4.0,8.0) (5.0,5.0) (8.0,4.0) (5.0,10.0) (8.0,11.0) (10.0,4.0) (10.0,5.0) (10.0,7.0) (8.0,9.0) (8.0,5.0) (11.0,5.0) (13.0,7.0) (8.0,7.0) (7.0,6.0) (6.0,7.0) (7.0,8.0) (11.0,4.0) (13.0,6.0)
numgame: 41, moves: 56, (2.0,6.0) (8.0,9.0) (9.0,7.0) (10.0,3.0) (5.0,5.0) (12.0,10.0) (6.0,7.0) (3.0,5.0) (2.0,9.0) (5.0,10.0) (10.0,10.0) (9.0,8.0) (5.0,12.0) (7.0,10.0) (8.0,6.0) (4.0,7.0) (6.0,13.0) (5.0,8.0) (4.0,8.0) (4.0,5.0) (8.0,10.0) (7.0,8.0) (10.0,8.0) (11.0,7.0) (10.0,5.0) (8.0,7.0) (7.0,6.0) (5.0,11.0) (13.0,9.0) (8.0,11.0) (3.0,10.0) (2.0,5.0) (7.0,11.0) (6.0,8.0) (8.0,13.0) (10.0,7.0) (4.0,11.0) (13.0,7.0) (7.0,9.0) (8.0,8.0) (5.0,7.0) (7.0,5.0) (11.0,8.0) (7.0,7.0) (8.0,5.0) (11.0,10.0) (11.0,11.0) (10.0,4.0) (8.0,4.0) (10.0,11.0) (11.0,5.0) (8.0,2.0) (7.0,4.0) (5.0,4.0) (7.0,2.0) (5.0,3.0)
numgame: 42, moves: 28, (5.0,5.0) (6.0,13.0) (8.0,11.0) (7.0,6.0) (8.0,9.0) (2.0,9.0) (10.0,12.0) (9.0,8.0) (10.0,3.0) (12.0,10.0) (13.0,6.0) (10.0,10.0) (3.0,5.0) (9.0,2.0) (7.0,4.0) (5.0,10.0) (6.0,7.0) (10.0,5.0) (8.0,7.0) (7.0,8.0) (4.0,11.0) (8.0,5.0) (7.0,5.0) (7.0,7.0) (5.0,2.0) (8.0,8.0) (8.0,10.0) (11.0,10.0)
numgame: 43, moves: 51, (13.0,9.0) (10.0,5.0) (7.0,6.0) (5.0,5.0) (12.0,5.0) (2.0,9.0) (8.0,6.0) (6.0,7.0) (10.0,10.0) (9.0,2.0) (6.0,8.0) (5.0,3.0) (4.0,7.0) (7.0,7.0) (11.0,7.0) (5.0,12.0) (9.0,8.0) (8.0,8.0) (8.0,7.0) (3.0,10.0) (7.0,8.0) (5.0,10.0) (5.0,8.0) (7.0,10.0) (8.0,10.0) (5.0,11.0) (5.0,7.0) (10.0,8.0) (5.0,4.0) (10.0,7.0) (7.0,9.0) (2.0,11.0) (3.0,5.0) (9.0,7.0) (11.0,5.0) (7.0,5.0) (11.0,8.0) (13.0,10.0) (13.0,5.0) (4.0,8.0) (4.0,10.0) (2.0,6.0) (8.0,9.0) (4.0,13.0) (7.0,13.0) (13.0,4.0) (8.0,11.0) (4.0,5.0) (3.0,4.0) (7.0,11.0) (2.0,7.0)
numgame: 44, moves: 22, (5.0,5.0) (10.0,10.0) (3.0,5.0) (6.0,13.0) (6.0,2.0) (9.0,8.0) (9.0,2.0) (10.0,5.0) (5.0,3.0) (8.0,11.0) (7.0,9.0) (12.0,10.0) (10.0,12.0) (7.0,4.0) (2.0,6.0) (8.0,6.0) (8.0,9.0) (4.0,8.0) (5.0,10.0) (4.0,4.0) (8.0,4.0) (10.0,4.0)
numgame: 45, moves: 50, (2.0,9.0) (10.0,10.0) (4.0,7.0) (12.0,5.0) (7.0,6.0) (5.0,10.0) (3.0,10.0) (10.0,12.0) (9.0,8.0) (6.0,2.0) (6.0,8.0) (9.0,2.0) (8.0,7.0) (8.0,4.0) (13.0,6.0) (10.0,3.0) (11.0,8.0) (10.0,5.0) (11.0,4.0) (8.0,9.0) (5.0,5.0) (10.0,7.0) (10.0,4.0) (8.0,5.0) (12.0,3.0) (6.0,7.0) (7.0,5.0) (7.0,8.0) (5.0,7.0) (7.0,7.0) (5.0,8.0) (7.0,9.0) (2.0,5.0) (7.0,4.0) (8.0,8.0) (11.0,11.0) (8.0,10.0) (8.0,11.0) (7.0,10.0) (9.0,7.0) (8.0,6.0) (5.0,3.0) (8.0,2.0) (11.0,5.0) (11.0,7.0) (13.0,7.0) (10.0,8.0) (10.0,11.0) (7.0,11.0) (9.0,13.0)
numgame: 46, moves: 22, (6.0,2.0) (10.0,5.0) (3.0,5.0) (8.0,9.0) (10.0,12.0) (9.0,8.0) (5.0,10.0) (2.0,9.0) (12.0,10.0) (8.0,4.0) (6.0,13.0) (2.0,6.0) (4.0,8.0) (13.0,6.0) (9.0,7.0) (5.0,5.0) (5.0,3.0) (10.0,10.0) (4.0,4.0) (4.0,7.0) (11.0,8.0) (4.0,10.0)
numgame: 47, moves: 50, (6.0,7.0) (5.0,10.0) (10.0,12.0) (8.0,6.0) (12.0,10.0) (2.0,6.0) (9.0,13.0) (8.0,9.0) (3.0,10.0) (5.0,3.0) (7.0,8.0) (5.0,5.0) (9.0,7.0) (2.0,9.0) (8.0,7.0) (10.0,8.0) (4.0,7.0) (6.0,13.0) (10.0,5.0) (8.0,11.0) (10.0,10.0) (4.0,8.0) (10.0,11.0) (4.0,10.0) (7.0,11.0) (2.0,10.0) (8.0,10.0) (11.0,10.0) (8.0,8.0) (8.0,13.0) (7.0,7.0) (6.0,8.0) (5.0,7.0) (5.0,4.0) (9.0,8.0) (7.0,6.0) (1.0,11.0) (7.0,9.0) (5.0,8.0) (7.0,5.0) (8.0,5.0) (2.0,5.0) (5.0,11.0) (7.0,13.0) (5.0,12.0) (7.0,10.0) (10.0,13.0) (4.0,11.0) (7.0,14.0) (11.0,14.0)
numgame: 48, moves: 54, (9.0,2.0) (6.0,8.0) (9.0,8.0) (5.0,5.0) (6.0,7.0) (7.0,4.0) (8.0,9.0) (13.0,6.0) (12.0,10.0) (3.0,5.0) (5.0,3.0) (5.0,12.0) (11.0,8.0) (7.0,8.0) (10.0,10.0) (7.0,10.0) (5.0,10.0) (2.0,6.0) (7.0,9.0) (10.0,5.0) (8.0,7.0) (5.0,7.0) (4.0,8.0) (7.0,6.0) (7.0,11.0) (7.0,5.0) (8.0,5.0) (7.0,2.0) (10.0,3.0) (5.0,4.0) (5.0,8.0) (8.0,4.0) (6.0,2.0) (5.0,2.0) (4.0,5.0) (8.0,2.0) (8.0,11.0) (5.0,11.0) (4.0,11.0) (4.0,4.0) (4.0,7.0) (7.0,7.0) (8.0,10.0) (8.0,8.0) (10.0,8.0) (5.0,13.0) (10.0,7.0) (8.0,6.0) (4.0,2.0) (4.0,12.0) (4.0,10.0) (4.0,13.0) (7.0,13.0) (11.0,11.0)
numgame: 49, moves: 22, (2.0,9.0) (4.0,7.0) (13.0,6.0) (10.0,10.0) (6.0,8.0) (5.0,3.0) (9.0,2.0) (10.0,5.0) (12.0,5.0) (6.0,7.0) (2.0,6.0) (5.0,10.0) (3.0,5.0) (9.0,8.0) (5.0,12.0) (13.0,9.0) (5.0,5.0) (11.0,8.0) (4.0,8.0) (11.0,7.0) (11.0,10.0) (4.0,10.0)
numgame: 50, moves: 30, (6.0,8.0) (2.0,9.0) (9.0,8.0) (4.0,7.0) (5.0,10.0) (5.0,12.0) (10.0,10.0) (10.0,3.0) (8.0,9.0) (3.0,5.0) (6.0,7.0) (9.0,2.0) (7.0,8.0) (10.0,5.0) (13.0,6.0) (2.0,6.0) (4.0,8.0) (5.0,8.0) (11.0,8.0) (4.0,5.0) (2.0,5.0) (5.0,11.0) (8.0,7.0) (12.0,10.0) (7.0,6.0) (7.0,10.0) (8.0,10.0) (3.0,10.0) (5.0,5.0) (8.0,2.0)
numgame: 51, moves: 51, (8.0,9.0) (5.0,3.0) (6.0,13.0) (3.0,10.0) (12.0,10.0) (6.0,7.0) (5.0,12.0) (8.0,11.0) (9.0,8.0) (7.0,6.0) (5.0,10.0) (7.0,9.0) (8.0,7.0) (10.0,5.0) (7.0,8.0) (4.0,11.0) (7.0,14.0) (5.0,5.0) (9.0,2.0) (5.0,8.0) (8.0,6.0) (5.0,11.0) (7.0,10.0) (7.0,7.0) (7.0,4.0) (4.0,13.0) (6.0,8.0) (8.0,8.0) (4.0,4.0) (8.0,5.0) (5.0,2.0) (7.0,11.0) (5.0,4.0) (9.0,13.0) (4.0,10.0) (2.0,8.0) (4.0,12.0) (9.0,7.0) (8.0,4.0) (10.0,10.0) (11.0,7.0) (10.0,7.0) (7.0,5.0) (10.0,8.0) (4.0,2.0) (5.0,7.0) (13.0,11.0) (8.0,10.0) (11.0,10.0) (11.0,8.0) (13.0,5.0)
numgame: 52, moves: 52, (5.0,3.0) (8.0,9.0) (12.0,5.0) (10.0,12.0) (6.0,7.0) (6.0,13.0) (8.0,11.0) (9.0,8.0) (13.0,6.0) (3.0,10.0) (5.0,10.0) (2.0,6.0) (10.0,5.0) (7.0,8.0) (9.0,2.0) (4.0,8.0) (5.0,5.0) (7.0,4.0) (10.0,7.0) (10.0,10.0) (7.0,9.0) (8.0,7.0) (10.0,8.0) (8.0,5.0) (7.0,6.0) (7.0,5.0) (5.0,8.0) (5.0,7.0) (2.0,10.0) (6.0,8.0) (7.0,2.0) (3.0,5.0) (7.0,10.0) (8.0,10.0) (11.0,7.0) (8.0,4.0) (7.0,11.0) (8.0,8.0) (10.0,4.0) (10.0,11.0) (9.0,7.0) (7.0,7.0) (11.0,8.0) (11.0,5.0) (8.0,6.0) (5.0,11.0) (8.0,2.0) (13.0,7.0) (4.0,7.0) (4.0,5.0) (5.0,4.0) (11.0,3.0)
numgame: 53, moves: 22, (6.0,2.0) (9.0,13.0) (6.0,13.0) (12.0,10.0) (13.0,9.0) (5.0,10.0) (10.0,5.0) (13.0,6.0) (8.0,11.0) (5.0,3.0) (11.0,7.0) (9.0,2.0) (7.0,4.0) (10.0,12.0) (2.0,6.0) (7.0,11.0) (11.0,11.0) (10.0,10.0) (5.0,11.0) (3.0,10.0) (7.0,9.0) (5.0,5.0)
numgame: 54, moves: 49, (10.0,10.0) (9.0,7.0) (13.0,6.0) (5.0,10.0) (8.0,9.0) (6.0,2.0) (6.0,8.0) (5.0,12.0) (9.0,8.0) (5.0,5.0) (7.0,6.0) (8.0,4.0) (7.0,9.0) (12.0,10.0) (3.0,10.0) (10.0,3.0) (10.0,5.0) (8.0,8.0) (7.0,10.0) (8.0,7.0) (8.0,10.0) (5.0,7.0) (7.0,7.0) (6.0,7.0) (11.0,8.0) (10.0,8.0) (8.0,5.0) (13.0,11.0) (7.0,5.0) (8.0,6.0) (10.0,7.0) (5.0,8.0) (13.0,10.0) (7.0,11.0) (8.0,11.0) (5.0,11.0) (4.0,8.0) (7.0,13.0) (2.0,8.0) (10.0,2.0) (4.0,10.0) (7.0,4.0) (10.0,4.0) (11.0,3.0) (10.0,13.0) (7.0,8.0) (4.0,7.0) (4.0,11.0) (9.0,2.0)
numgame: 55, moves: 52, (9.0,7.0) (9.0,8.0) (8.0,9.0) (2.0,6.0) (6.0,7.0) (6.0,13.0) (10.0,12.0) (5.0,3.0) (8.0,6.0) (10.0,5.0) (12.0,10.0) (7.0,9.0) (3.0,10.0) (7.0,5.0) (7.0,8.0) (8.0,8.0) (8.0,7.0) (8.0,11.0) (5.0,5.0) (10.0,10.0) (8.0,5.0) (7.0,6.0) (11.0,5.0) (5.0,8.0) (5.0,7.0) (7.0,7.0) (4.0,4.0) (8.0,4.0) (6.0,8.0) (7.0,10.0) (10.0,4.0) (5.0,12.0) (6.0,2.0) (4.0,8.0) (5.0,10.0) (4.0,7.0) (8.0,10.0) (7.0,4.0) (10.0,7.0) (2.0,9.0) (10.0,3.0) (11.0,7.0) (10.0,8.0) (11.0,8.0) (3.0,5.0) (10.0,11.0) (7.0,11.0) (1.0,7.0) (4.0,11.0) (4.0,5.0) (8.0,2.0) (2.0,5.0)
numgame: 56, moves: 49, (3.0,10.0) (6.0,8.0) (9.0,7.0) (8.0,6.0) (10.0,5.0) (10.0,10.0) (7.0,7.0) (7.0,6.0) (5.0,10.0) (6.0,7.0) (12.0,5.0) (13.0,9.0) (10.0,12.0) (9.0,13.0) (7.0,11.0) (7.0,9.0) (5.0,8.0) (5.0,7.0) (3.0,5.0) (8.0,7.0) (11.0,7.0) (7.0,8.0) (5.0,3.0) (8.0,8.0) (11.0,5.0) (7.0,10.0) (8.0,10.0) (7.0,5.0) (9.0,8.0) (11.0,8.0) (5.0,5.0) (5.0,4.0) (8.0,9.0) (4.0,8.0) (8.0,11.0) (5.0,12.0) (10.0,8.0) (6.0,13.0) (4.0,5.0) (10.0,7.0) (5.0,11.0) (10.0,11.0) (13.0,5.0) (7.0,2.0) (8.0,5.0) (4.0,7.0) (7.0,4.0) (7.0,1.0) (8.0,4.0)
numgame: 57, moves: 21, (6.0,8.0) (10.0,10.0) (9.0,13.0) (10.0,12.0) (7.0,6.0) (3.0,10.0) (13.0,9.0) (6.0,2.0) (5.0,10.0) (5.0,5.0) (2.0,9.0) (4.0,7.0) (13.0,6.0) (9.0,2.0) (8.0,4.0) (12.0,5.0) (10.0,5.0) (7.0,11.0) (10.0,3.0) (11.0,4.0) (11.0,8.0)
numgame: 58, moves: 28, (6.0,8.0) (9.0,13.0) (6.0,2.0) (10.0,10.0) (8.0,4.0) (3.0,5.0) (12.0,10.0) (5.0,3.0) (13.0,9.0) (9.0,2.0) (7.0,11.0) (2.0,6.0) (5.0,10.0) (7.0,4.0) (4.0,4.0) (7.0,9.0) (10.0,4.0) (13.0,6.0) (11.0,8.0) (10.0,12.0) (5.0,5.0) (11.0,11.0) (10.0,5.0) (5.0,7.0) (7.0,5.0) (8.0,5.0) (5.0,2.0) (5.0,8.0)
numgame: 59, moves: 21, (2.0,6.0) (5.0,12.0) (9.0,7.0) (6.0,2.0) (2.0,9.0) (8.0,4.0) (6.0,8.0) (12.0,5.0) (4.0,8.0) (10.0,3.0) (10.0,10.0) (5.0,5.0) (13.0,9.0) (9.0,8.0) (3.0,10.0) (10.0,5.0) (13.0,6.0) (11.0,8.0) (4.0,7.0) (5.0,10.0) (4.0,5.0)
numgame: 60, moves: 21, (9.0,13.0) (7.0,9.0) (5.0,3.0) (3.0,10.0) (6.0,2.0) (10.0,10.0) (5.0,5.0) (9.0,2.0) (2.0,6.0) (8.0,9.0) (6.0,13.0) (12.0,10.0) (4.0,8.0) (8.0,11.0) (5.0,10.0) (7.0,4.0) (8.0,6.0) (5.0,12.0) (10.0,5.0) (8.0,4.0) (10.0,4.0)
numgame: 61, moves: 52, (3.0,5.0) (10.0,10.0) (2.0,6.0) (2.0,9.0) (5.0,10.0) (10.0,3.0) (13.0,6.0) (12.0,5.0) (8.0,9.0) (11.0,8.0) (9.0,8.0) (6.0,7.0) (9.0,2.0) (10.0,5.0) (6.0,13.0) (5.0,12.0) (4.0,7.0) (4.0,8.0) (7.0,10.0) (8.0,10.0) (11.0,4.0) (7.0,8.0) (4.0,10.0) (8.0,7.0) (5.0,5.0) (5.0,8.0) (7.0,6.0) (5.0,7.0) (2.0,10.0) (7.0,7.0) (7.0,9.0) (8.0,8.0) (9.0,7.0) (8.0,11.0) (8.0,5.0) (11.0,5.0) (10.0,7.0) (10.0,4.0) (8.0,2.0) (6.0,8.0) (2.0,4.0) (10.0,8.0) (7.0,11.0) (11.0,7.0) (13.0,7.0) (8.0,6.0) (13.0,9.0) (5.0,11.0) (12.0,10.0) (7.0,13.0) (8.0,4.0) (12.0,4.0)
numgame: 62, moves: 53, (9.0,8.0) (6.0,8.0) (12.0,10.0) (8.0,6.0) (9.0,2.0) (10.0,10.0) (7.0,4.0) (13.0,9.0) (6.0,2.0) (7.0,7.0) (8.0,4.0) (2.0,6.0) (3.0,5.0) (5.0,10.0) (5.0,3.0) (8.0,8.0) (4.0,4.0) (5.0,5.0) (5.0,4.0) (10.0,5.0) (5.0,2.0) (5.0,12.0) (2.0,9.0) (4.0,8.0) (8.0,5.0) (8.0,7.0) (7.0,6.0) (7.0,8.0) (7.0,5.0) (9.0,7.0) (5.0,7.0) (2.0,4.0) (5.0,8.0) (7.0,9.0) (5.0,11.0) (11.0,5.0) (6.0,7.0) (3.0,10.0) (8.0,9.0) (7.0,10.0) (8.0,10.0) (7.0,11.0) (5.0,13.0) (4.0,7.0) (4.0,5.0) (8.0,11.0) (10.0,11.0) (7.0,2.0) (2.0,5.0) (6.0,13.0) (4.0,11.0) (8.0,2.0) (10.0,4.0)
numgame: 63, moves: 50, (8.0,9.0) (10.0,10.0) (3.0,10.0) (6.0,8.0) (5.0,3.0) (9.0,7.0) (12.0,5.0) (7.0,6.0) (9.0,13.0) (5.0,10.0) (7.0,11.0) (6.0,7.0) (10.0,5.0) (5.0,8.0) (7.0,8.0) (10.0,12.0) (13.0,6.0) (4.0,8.0) (11.0,8.0) (8.0,7.0) (5.0,5.0) (2.0,9.0) (5.0,7.0) (9.0,8.0) (2.0,10.0) (4.0,7.0) (7.0,10.0) (10.0,7.0) (10.0,8.0) (8.0,10.0) (11.0,7.0) (7.0,7.0) (8.0,4.0) (4.0,10.0) (13.0,10.0) (8.0,8.0) (8.0,6.0) (13.0,5.0) (4.0,4.0) (7.0,9.0) (11.0,13.0) (11.0,10.0) (10.0,4.0) (5.0,11.0) (11.0,5.0) (8.0,11.0) (8.0,2.0) (7.0,4.0) (7.0,13.0) (7.0,5.0)
numgame: 64, moves: 23, (9.0,8.0) (9.0,2.0) (8.0,9.0) (5.0,10.0) (2.0,6.0) (10.0,12.0) (5.0,3.0) (2.0,9.0) (12.0,10.0) (8.0,6.0) (6.0,2.0) (6.0,8.0) (5.0,5.0) (8.0,4.0) (10.0,10.0) (4.0,7.0) (3.0,5.0) (7.0,7.0) (10.0,5.0) (4.0,8.0) (8.0,8.0) (4.0,10.0) (4.0,4.0)
numgame: 65, moves: 32, (5.0,12.0) (9.0,13.0) (7.0,9.0) (3.0,5.0) (7.0,11.0) (10.0,5.0) (5.0,3.0) (9.0,7.0) (12.0,5.0) (2.0,6.0) (8.0,6.0) (5.0,5.0) (6.0,2.0) (8.0,8.0) (8.0,9.0) (4.0,4.0) (8.0,4.0) (10.0,10.0) (7.0,5.0) (5.0,10.0) (6.0,8.0) (5.0,7.0) (10.0,2.0) (5.0,4.0) (7.0,7.0) (10.0,4.0) (4.0,5.0) (7.0,4.0) (2.0,7.0) (9.0,2.0) (7.0,6.0) (10.0,3.0)
numgame: 66, moves: 55, (8.0,9.0) (7.0,6.0) (5.0,12.0) (8.0,6.0) (6.0,7.0) (5.0,5.0) (9.0,13.0) (3.0,10.0) (5.0,10.0) (7.0,9.0) (10.0,10.0) (10.0,5.0) (12.0,5.0) (9.0,2.0) (7.0,4.0) (5.0,3.0) (6.0,8.0) (7.0,8.0) (5.0,8.0) (8.0,7.0) (7.0,11.0) (5.0,7.0) (4.0,8.0) (2.0,10.0) (3.0,5.0) (4.0,10.0) (4.0,7.0) (2.0,7.0) (7.0,10.0) (4.0,13.0) (8.0,11.0) (5.0,11.0) (2.0,8.0) (11.0,8.0) (9.0,8.0) (7.0,7.0) (8.0,8.0) (8.0,5.0) (5.0,2.0) (7.0,5.0) (10.0,8.0) (4.0,5.0) (9.0,7.0) (8.0,10.0) (11.0,10.0) (4.0,12.0) (10.0,7.0) (13.0,4.0) (11.0,5.0) (11.0,7.0) (13.0,7.0) (10.0,4.0) (8.0,4.0) (13.0,9.0) (5.0,4.0)
numgame: 67, moves: 55, (9.0,7.0) (13.0,6.0) (5.0,5.0) (13.0,9.0) (2.0,9.0) (6.0,7.0) (10.0,12.0) (2.0,6.0) (10.0,5.0) (6.0,8.0) (3.0,10.0) (4.0,7.0) (12.0,10.0) (5.0,10.0) (11.0,8.0) (9.0,8.0) (10.0,3.0) (11.0,7.0) (11.0,10.0) (10.0,10.0) (8.0,10.0) (10.0,8.0) (7.0,9.0) (8.0,8.0) (13.0,11.0) (10.0,11.0) (13.0,8.0) (5.0,11.0) (4.0,8.0) (4.0,10.0) (7.0,10.0) (2.0,8.0) (7.0,7.0) (8.0,6.0) (5.0,8.0) (5.0,12.0) (8.0,11.0) (7.0,6.0) (5.0,7.0) (7.0,5.0) (7.0,4.0) (8.0,7.0) (8.0,9.0) (4.0,13.0) (7.0,8.0) (11.0,4.0) (10.0,7.0) (13.0,10.0) (13.0,12.0) (10.0,4.0) (8.0,4.0) (8.0,5.0) (7.0,11.0) (4.0,11.0) (1.0,8.0)
numgame: 68, moves: 45, (5.0,12.0) (5.0,5.0) (3.0,10.0) (6.0,8.0) (10.0,10.0) (9.0,8.0) (8.0,9.0) (7.0,9.0) (7.0,10.0) (13.0,6.0) (12.0,10.0) (9.0,2.0) (11.0,8.0) (10.0,3.0) (7.0,4.0) (6.0,2.0) (8.0,4.0) (7.0,6.0) (8.0,7.0) (8.0,10.0) (5.0,7.0) (5.0,8.0) (6.0,7.0) (5.0,4.0) (4.0,7.0) (7.0,8.0) (2.0,7.0) (8.0,8.0) (8.0,6.0) (4.0,5.0) (7.0,7.0) (10.0,5.0) (4.0,8.0) (7.0,11.0) (4.0,4.0) (5.0,13.0) (7.0,5.0) (3.0,5.0) (9.0,7.0) (10.0,4.0) (11.0,4.0) (10.0,8.0) (10.0,2.0) (12.0,5.0) (5.0,10.0)
numgame: 69, moves: 56, (12.0,10.0) (9.0,13.0) (5.0,12.0) (7.0,9.0) (8.0,9.0) (10.0,3.0) (9.0,2.0) (7.0,11.0) (13.0,6.0) (10.0,10.0) (5.0,10.0) (7.0,6.0) (3.0,10.0) (6.0,8.0) (6.0,7.0) (5.0,8.0) (7.0,8.0) (7.0,10.0) (11.0,8.0) (4.0,10.0) (10.0,5.0) (5.0,7.0) (4.0,7.0) (7.0,7.0) (8.0,7.0) (7.0,4.0) (8.0,6.0) (7.0,5.0) (4.0,13.0) (8.0,4.0) (4.0,8.0) (3.0,5.0) (9.0,8.0) (2.0,8.0) (10.0,4.0) (10.0,2.0) (6.0,2.0) (8.0,8.0) (8.0,5.0) (5.0,11.0) (11.0,5.0) (4.0,12.0) (10.0,8.0) (5.0,2.0) (8.0,2.0) (8.0,11.0) (5.0,5.0) (11.0,7.0) (8.0,10.0) (13.0,5.0) (11.0,10.0) (7.0,2.0) (9.0,7.0) (10.0,7.0) (10.0,11.0) (8.0,13.0)
numgame: 70, moves: 47, (10.0,3.0) (9.0,2.0) (8.0,6.0) (9.0,8.0) (12.0,10.0) (10.0,10.0) (10.0,12.0) (7.0,9.0) (5.0,5.0) (2.0,6.0) (6.0,8.0) (7.0,7.0) (8.0,9.0) (4.0,8.0) (6.0,7.0) (3.0,5.0) (7.0,8.0) (5.0,8.0) (7.0,4.0) (10.0,5.0) (5.0,10.0) (8.0,8.0) (9.0,7.0) (5.0,7.0) (8.0,7.0) (2.0,4.0) (11.0,4.0) (8.0,10.0) (11.0,13.0) (2.0,10.0) (7.0,10.0) (5.0,12.0) (7.0,6.0) (3.0,10.0) (5.0,4.0) (8.0,11.0) (10.0,8.0) (6.0,13.0) (8.0,4.0) (10.0,11.0) (11.0,7.0) (11.0,8.0) (11.0,5.0) (13.0,5.0) (7.0,11.0) (12.0,5.0) (8.0,1.0)
numgame: 71, moves: 38, (9.0,13.0) (6.0,8.0) (10.0,12.0) (10.0,5.0) (7.0,11.0) (9.0,7.0) (5.0,5.0) (12.0,10.0) (3.0,10.0) (8.0,9.0) (2.0,6.0) (5.0,3.0) (6.0,2.0) (10.0,10.0) (13.0,6.0) (7.0,9.0) (8.0,4.0) (8.0,10.0) (5.0,13.0) (8.0,8.0) (11.0,8.0) (11.0,10.0) (11.0,7.0) (5.0,10.0) (7.0,7.0) (8.0,6.0) (8.0,7.0) (10.0,8.0) (10.0,7.0) (13.0,10.0) (9.0,8.0) (6.0,7.0) (12.0,5.0) (12.0,11.0) (7.0,8.0) (7.0,10.0) (11.0,4.0) (4.0,10.0)
numgame: 72, moves: 51, (5.0,10.0) (3.0,10.0) (12.0,5.0) (7.0,6.0) (9.0,7.0) (6.0,8.0) (5.0,12.0) (7.0,9.0) (5.0,3.0) (6.0,7.0) (13.0,9.0) (8.0,6.0) (7.0,7.0) (5.0,8.0) (8.0,8.0) (5.0,7.0) (11.0,7.0) (8.0,7.0) (7.0,8.0) (10.0,10.0) (3.0,5.0) (8.0,9.0) (9.0,13.0) (9.0,8.0) (13.0,7.0) (11.0,10.0) (7.0,5.0) (11.0,8.0) (8.0,11.0) (7.0,10.0) (8.0,10.0) (4.0,2.0) (4.0,8.0) (10.0,7.0) (7.0,11.0) (12.0,10.0) (14.0,7.0) (4.0,10.0) (10.0,11.0) (8.0,13.0) (10.0,8.0) (5.0,5.0) (4.0,5.0) (5.0,13.0) (13.0,10.0) (4.0,7.0) (7.0,4.0) (13.0,11.0) (10.0,5.0) (13.0,8.0) (14.0,8.0)
numgame: 73, moves: 23, (7.0,9.0) (10.0,10.0) (3.0,10.0) (2.0,6.0) (10.0,3.0) (6.0,8.0) (12.0,5.0) (10.0,5.0) (6.0,2.0) (5.0,12.0) (5.0,5.0) (8.0,4.0) (4.0,8.0) (9.0,2.0) (8.0,6.0) (13.0,9.0) (7.0,7.0) (7.0,4.0) (5.0,4.0) (8.0,8.0) (5.0,10.0) (9.0,8.0) (9.0,7.0)
numgame: 74, moves: 51, (5.0,10.0) (6.0,2.0) (6.0,8.0) (10.0,12.0) (12.0,10.0) (2.0,6.0) (10.0,5.0) (8.0,9.0) (9.0,13.0) (7.0,11.0) (5.0,5.0) (5.0,3.0) (9.0,7.0) (8.0,6.0) (7.0,9.0) (8.0,4.0) (8.0,8.0) (10.0,8.0) (10.0,10.0) (10.0,7.0) (3.0,10.0) (8.0,10.0) (8.0,11.0) (7.0,7.0) (4.0,10.0) (2.0,10.0) (5.0,11.0) (7.0,13.0) (11.0,7.0) (7.0,10.0) (8.0,7.0) (7.0,8.0) (11.0,10.0) (8.0,5.0) (9.0,8.0) (10.0,13.0) (12.0,5.0) (12.0,11.0) (11.0,8.0) (13.0,6.0) (7.0,5.0) (6.0,7.0) (7.0,4.0) (5.0,4.0) (10.0,2.0) (7.0,6.0) (5.0,2.0) (5.0,8.0) (4.0,7.0) (5.0,12.0) (4.0,8.0)
numgame: 75, moves: 53, (8.0,9.0) (10.0,3.0) (9.0,2.0) (5.0,10.0) (3.0,10.0) (12.0,5.0) (10.0,12.0) (10.0,10.0) (6.0,13.0) (6.0,2.0) (8.0,6.0) (9.0,8.0) (8.0,11.0) (10.0,5.0) (7.0,6.0) (8.0,4.0) (5.0,5.0) (7.0,9.0) (7.0,4.0) (8.0,7.0) (10.0,4.0) (10.0,7.0) (7.0,10.0) (8.0,5.0) (4.0,10.0) (11.0,5.0) (5.0,8.0) (7.0,8.0) (11.0,8.0) (6.0,7.0) (7.0,7.0) (11.0,2.0) (8.0,2.0) (6.0,8.0) (4.0,8.0) (8.0,10.0) (9.0,7.0) (7.0,11.0) (5.0,7.0) (7.0,5.0) (10.0,11.0) (11.0,7.0) (4.0,7.0) (8.0,8.0) (5.0,3.0) (2.0,11.0) (12.0,4.0) (11.0,11.0) (10.0,8.0) (13.0,5.0) (13.0,8.0) (11.0,10.0) (12.0,10.0)
numgame: 76, moves: 26, (12.0,5.0) (2.0,9.0) (6.0,7.0) (10.0,5.0) (4.0,7.0) (9.0,2.0) (13.0,9.0) (10.0,10.0) (7.0,6.0) (6.0,13.0) (8.0,6.0) (3.0,10.0) (5.0,5.0) (5.0,12.0) (4.0,11.0) (5.0,8.0) (9.0,13.0) (11.0,7.0) (5.0,7.0) (10.0,3.0) (8.0,11.0) (2.0,7.0) (2.0,5.0) (7.0,11.0) (5.0,11.0) (5.0,10.0)
numgame: 77, moves: 22, (5.0,12.0) (3.0,5.0) (10.0,3.0) (2.0,6.0) (5.0,10.0) (5.0,5.0) (13.0,9.0) (10.0,5.0) (2.0,9.0) (9.0,13.0) (10.0,10.0) (12.0,5.0) (6.0,8.0) (9.0,2.0) (7.0,4.0) (6.0,7.0) (13.0,6.0) (11.0,4.0) (7.0,11.0) (11.0,8.0) (11.0,7.0) (11.0,10.0)
numgame: 78, moves: 50, (6.0,7.0) (2.0,9.0) (8.0,9.0) (2.0,6.0) (8.0,6.0) (9.0,2.0) (3.0,5.0) (5.0,3.0) (12.0,5.0) (4.0,7.0) (6.0,13.0) (5.0,10.0) (8.0,11.0) (7.0,8.0) (5.0,5.0) (10.0,12.0) (8.0,7.0) (9.0,8.0) (10.0,5.0) (10.0,7.0) (7.0,6.0) (4.0,8.0) (4.0,5.0) (10.0,8.0) (2.0,5.0) (5.0,8.0) (10.0,10.0) (6.0,8.0) (8.0,5.0) (8.0,8.0) (11.0,5.0) (7.0,4.0) (5.0,7.0) (7.0,9.0) (2.0,10.0) (11.0,8.0) (9.0,7.0) (2.0,7.0) (7.0,7.0) (12.0,10.0) (2.0,8.0) (5.0,4.0) (8.0,4.0) (11.0,7.0) (13.0,9.0) (7.0,5.0) (13.0,7.0) (10.0,4.0) (11.0,3.0) (13.0,5.0)
numgame: 79, moves: 44, (6.0,7.0) (12.0,5.0) (6.0,13.0) (5.0,3.0) (13.0,6.0) (3.0,10.0) (9.0,7.0) (8.0,9.0) (7.0,9.0) (8.0,11.0) (5.0,5.0) (5.0,12.0) (7.0,8.0) (7.0,6.0) (5.0,8.0) (5.0,7.0) (7.0,10.0) (10.0,5.0) (4.0,13.0) (10.0,10.0) (9.0,8.0) (7.0,11.0) (5.0,11.0) (8.0,7.0) (8.0,8.0) (9.0,13.0) (11.0,4.0) (6.0,8.0) (3.0,5.0) (5.0,10.0) (8.0,10.0) (5.0,13.0) (7.0,7.0) (8.0,6.0) (11.0,10.0) (5.0,14.0) (11.0,11.0) (7.0,5.0) (4.0,8.0) (4.0,5.0) (4.0,7.0) (2.0,9.0) (7.0,4.0) (4.0,11.0)
numgame: 80, moves: 53, (7.0,6.0) (13.0,9.0) (5.0,12.0) (7.0,9.0) (9.0,7.0) (10.0,5.0) (6.0,13.0) (9.0,8.0) (13.0,6.0) (10.0,3.0) (11.0,8.0) (8.0,8.0) (3.0,5.0) (5.0,10.0) (10.0,10.0) (12.0,5.0) (10.0,8.0) (10.0,7.0) (11.0,7.0) (8.0,9.0) (8.0,5.0) (7.0,5.0) (8.0,7.0) (7.0,8.0) (6.0,7.0) (8.0,10.0) (7.0,10.0) (7.0,11.0) (11.0,5.0) (8.0,11.0) (5.0,4.0) (5.0,5.0) (5.0,8.0) (7.0,7.0) (8.0,6.0) (6.0,8.0) (10.0,11.0) (5.0,7.0) (10.0,12.0) (7.0,4.0) (9.0,2.0) (4.0,8.0) (11.0,4.0) (2.0,6.0) (11.0,2.0) (11.0,12.0) (2.0,10.0) (4.0,7.0) (4.0,5.0) (2.0,7.0) (8.0,4.0) (8.0,2.0) (10.0,4.0)
numgame: 81, moves: 51, (12.0,10.0) (5.0,12.0) (10.0,10.0) (9.0,7.0) (10.0,3.0) (2.0,6.0) (4.0,8.0) (6.0,8.0) (5.0,5.0) (5.0,10.0) (3.0,10.0) (6.0,2.0) (8.0,6.0) (10.0,5.0) (8.0,4.0) (13.0,9.0) (2.0,9.0) (4.0,7.0) (10.0,8.0) (9.0,8.0) (10.0,7.0) (4.0,10.0) (7.0,10.0) (7.0,7.0) (5.0,8.0) (8.0,8.0) (11.0,8.0) (13.0,6.0) (7.0,9.0) (2.0,8.0) (5.0,7.0) (3.0,5.0) (5.0,11.0) (2.0,10.0) (6.0,7.0) (2.0,11.0) (13.0,10.0) (2.0,7.0) (8.0,9.0) (11.0,10.0) (11.0,7.0) (8.0,7.0) (7.0,6.0) (8.0,10.0) (7.0,8.0) (11.0,4.0) (4.0,5.0) (7.0,5.0) (13.0,5.0) (5.0,4.0) (7.0,4.0)
numgame: 82, moves: 54, (2.0,6.0) (5.0,10.0) (6.0,13.0) (5.0,3.0) (12.0,10.0) (9.0,2.0) (6.0,7.0) (3.0,5.0) (7.0,4.0) (8.0,6.0) (8.0,11.0) (7.0,9.0) (5.0,12.0) (8.0,9.0) (10.0,10.0) (10.0,5.0) (5.0,5.0) (9.0,13.0) (7.0,11.0) (5.0,11.0) (5.0,8.0) (7.0,10.0) (8.0,10.0) (10.0,8.0) (4.0,13.0) (8.0,13.0) (7.0,8.0) (8.0,7.0) (10.0,7.0) (10.0,11.0) (11.0,10.0) (9.0,7.0) (8.0,5.0) (11.0,7.0) (11.0,8.0) (8.0,4.0) (6.0,2.0) (7.0,6.0) (10.0,4.0) (7.0,5.0) (5.0,7.0) (8.0,8.0) (7.0,7.0) (4.0,4.0) (5.0,4.0) (4.0,7.0) (11.0,3.0) (7.0,1.0) (4.0,3.0) (4.0,5.0) (6.0,8.0) (4.0,8.0) (9.0,8.0) (7.0,2.0)
numgame: 83, moves: 25, (5.0,5.0) (12.0,5.0) (9.0,2.0) (2.0,9.0) (8.0,9.0) (9.0,13.0) (10.0,5.0) (3.0,5.0) (6.0,8.0) (6.0,7.0) (13.0,6.0) (7.0,8.0) (8.0,7.0) (7.0,4.0) (5.0,12.0) (2.0,6.0) (4.0,8.0) (10.0,10.0) (5.0,3.0) (5.0,8.0) (5.0,10.0) (5.0,7.0) (2.0,10.0) (2.0,4.0) (11.0,8.0)
numgame: 84, moves: 55, (7.0,9.0) (8.0,9.0) (9.0,2.0) (7.0,4.0) (5.0,3.0) (6.0,2.0) (9.0,13.0) (8.0,4.0) (10.0,4.0) (5.0,10.0) (6.0,8.0) (7.0,6.0) (5.0,5.0) (10.0,5.0) (8.0,6.0) (10.0,10.0) (3.0,10.0) (5.0,12.0) (12.0,5.0) (7.0,7.0) (8.0,8.0) (7.0,11.0) (7.0,5.0) (4.0,2.0) (9.0,7.0) (5.0,7.0) (5.0,8.0) (3.0,5.0) (4.0,5.0) (6.0,7.0) (4.0,7.0) (4.0,8.0) (7.0,8.0) (7.0,10.0) (4.0,10.0) (2.0,5.0) (8.0,7.0) (3.0,4.0) (8.0,5.0) (9.0,8.0) (10.0,7.0) (11.0,5.0) (13.0,7.0) (13.0,4.0) (4.0,13.0) (10.0,3.0) (11.0,7.0) (11.0,8.0) (8.0,11.0) (8.0,10.0) (5.0,13.0) (10.0,8.0) (5.0,11.0) (5.0,14.0) (7.0,13.0)
numgame: 85, moves: 57, (9.0,8.0) (10.0,12.0) (6.0,2.0) (6.0,8.0) (10.0,5.0) (7.0,9.0) (8.0,9.0) (10.0,10.0) (12.0,5.0) (9.0,7.0) (5.0,5.0) (13.0,6.0) (10.0,7.0) (5.0,3.0) (10.0,8.0) (3.0,5.0) (8.0,8.0) (5.0,7.0) (5.0,4.0) (8.0,4.0) (2.0,6.0) (11.0,8.0) (8.0,11.0) (8.0,5.0) (5.0,10.0) (7.0,4.0) (4.0,7.0) (7.0,5.0) (8.0,6.0) (4.0,8.0) (4.0,5.0) (7.0,2.0) (8.0,10.0) (7.0,6.0) (10.0,2.0) (7.0,11.0) (5.0,11.0) (4.0,4.0) (8.0,2.0) (8.0,7.0) (7.0,7.0) (6.0,7.0) (4.0,10.0) (11.0,7.0) (11.0,10.0) (2.0,8.0) (5.0,8.0) (10.0,3.0) (7.0,8.0) (5.0,12.0) (7.0,10.0) (2.0,5.0) (12.0,10.0) (3.0,10.0) (4.0,11.0) (9.0,2.0) (11.0,4.0)
numgame: 86, moves: 27, (7.0,9.0) (10.0,5.0) (6.0,2.0) (5.0,10.0) (12.0,5.0) (5.0,12.0) (8.0,4.0) (9.0,8.0) (6.0,8.0) (3.0,10.0) (13.0,9.0) (9.0,2.0) (7.0,4.0) (13.0,6.0) (2.0,6.0) (5.0,3.0) (5.0,5.0) (4.0,8.0) (11.0,8.0) (5.0,4.0) (5.0,7.0) (3.0,5.0) (2.0,10.0) (10.0,10.0) (4.0,10.0) (4.0,4.0) (4.0,7.0)
numgame: 87, moves: 52, (10.0,3.0) (9.0,13.0) (9.0,2.0) (6.0,13.0) (8.0,9.0) (7.0,11.0) (12.0,5.0) (2.0,9.0) (6.0,2.0) (5.0,10.0) (3.0,5.0) (8.0,6.0) (7.0,6.0) (10.0,10.0) (8.0,11.0) (10.0,11.0) (10.0,12.0) (8.0,4.0) (10.0,5.0) (5.0,5.0) (10.0,13.0) (7.0,10.0) (7.0,4.0) (10.0,4.0) (8.0,10.0) (8.0,8.0) (7.0,7.0) (11.0,3.0) (10.0,7.0) (8.0,5.0) (7.0,5.0) (11.0,2.0) (10.0,8.0) (11.0,5.0) (9.0,8.0) (9.0,7.0) (8.0,2.0) (7.0,1.0) (10.0,2.0) (11.0,4.0) (13.0,6.0) (11.0,8.0) (7.0,9.0) (7.0,2.0) (6.0,8.0) (7.0,13.0) (8.0,13.0) (8.0,7.0) (6.0,7.0) (11.0,10.0) (7.0,8.0) (12.0,3.0)
numgame: 88, moves: 51, (8.0,6.0) (2.0,9.0) (8.0,9.0) (5.0,3.0) (7.0,6.0) (6.0,2.0) (9.0,7.0) (10.0,10.0) (4.0,7.0) (9.0,8.0) (7.0,5.0) (3.0,5.0) (6.0,13.0) (8.0,11.0) (12.0,10.0) (10.0,5.0) (8.0,7.0) (8.0,4.0) (5.0,7.0) (10.0,12.0) (8.0,5.0) (7.0,8.0) (6.0,7.0) (5.0,8.0) (7.0,10.0) (7.0,7.0) (8.0,10.0) (5.0,5.0) (8.0,13.0) (2.0,8.0) (10.0,7.0) (11.0,7.0) (11.0,8.0) (6.0,8.0) (5.0,10.0) (4.0,5.0) (7.0,9.0) (11.0,13.0) (2.0,4.0) (4.0,8.0) (8.0,8.0) (7.0,11.0) (5.0,11.0) (11.0,10.0) (4.0,10.0) (11.0,5.0) (10.0,11.0) (10.0,13.0) (11.0,11.0) (5.0,13.0) (12.0,5.0)
numgame: 89, moves: 55, (5.0,12.0) (12.0,5.0) (8.0,6.0) (6.0,8.0) (3.0,5.0) (6.0,7.0) (10.0,5.0) (2.0,6.0) (7.0,9.0) (8.0,9.0) (9.0,2.0) (5.0,10.0) (7.0,7.0) (5.0,3.0) (4.0,8.0) (7.0,8.0) (10.0,10.0) (5.0,7.0) (8.0,7.0) (9.0,8.0) (9.0,7.0) (5.0,5.0) (7.0,10.0) (7.0,4.0) (5.0,4.0) (2.0,10.0) (7.0,11.0) (7.0,5.0) (8.0,8.0) (4.0,5.0) (8.0,10.0) (10.0,8.0) (7.0,2.0) (4.0,10.0) (11.0,5.0) (4.0,7.0) (7.0,6.0) (5.0,13.0) (8.0,4.0) (6.0,2.0) (8.0,5.0) (10.0,3.0) (5.0,2.0) (11.0,10.0) (8.0,2.0) (5.0,8.0) (10.0,4.0) (4.0,4.0) (10.0,7.0) (8.0,1.0) (11.0,4.0) (5.0,11.0) (8.0,11.0) (7.0,13.0) (6.0,13.0)
numgame: 90, moves: 51, (10.0,3.0) (8.0,9.0) (5.0,10.0) (6.0,13.0) (6.0,2.0) (7.0,6.0) (10.0,12.0) (8.0,11.0) (9.0,2.0) (8.0,6.0) (12.0,10.0) (5.0,5.0) (2.0,9.0) (9.0,13.0) (3.0,5.0) (7.0,4.0) (7.0,11.0) (8.0,4.0) (5.0,4.0) (10.0,5.0) (10.0,11.0) (10.0,10.0) (10.0,8.0) (8.0,10.0) (8.0,8.0) (7.0,10.0) (5.0,8.0) (7.0,7.0) (6.0,8.0) (5.0,7.0) (7.0,5.0) (4.0,8.0) (8.0,5.0) (10.0,7.0) (8.0,2.0) (9.0,8.0) (10.0,4.0) (6.0,7.0) (7.0,8.0) (11.0,5.0) (8.0,7.0) (7.0,9.0) (2.0,4.0) (11.0,12.0) (4.0,11.0) (11.0,8.0) (11.0,13.0) (9.0,7.0) (13.0,11.0) (12.0,4.0) (11.0,7.0)
numgame: 91, moves: 51, (10.0,3.0) (5.0,5.0) (5.0,10.0) (6.0,8.0) (5.0,12.0) (12.0,10.0) (7.0,6.0) (9.0,13.0) (7.0,11.0) (3.0,5.0) (13.0,6.0) (9.0,2.0) (10.0,5.0) (7.0,4.0) (6.0,2.0) (8.0,9.0) (7.0,9.0) (8.0,4.0) (5.0,4.0) (11.0,8.0) (5.0,7.0) (7.0,5.0) (5.0,3.0) (10.0,10.0) (8.0,5.0) (6.0,7.0) (5.0,2.0) (7.0,7.0) (7.0,8.0) (8.0,6.0) (7.0,10.0) (8.0,7.0) (9.0,8.0) (10.0,7.0) (4.0,2.0) (9.0,7.0) (10.0,4.0) (8.0,10.0) (4.0,11.0) (10.0,8.0) (13.0,8.0) (8.0,8.0) (5.0,11.0) (5.0,8.0) (4.0,7.0) (13.0,11.0) (3.0,11.0) (4.0,8.0) (8.0,11.0) (4.0,10.0) (7.0,13.0)
numgame: 92, moves: 22, (2.0,6.0) (3.0,10.0) (2.0,9.0) (6.0,8.0) (12.0,5.0) (6.0,2.0) (10.0,3.0) (5.0,5.0) (10.0,10.0) (4.0,7.0) (9.0,13.0) (8.0,9.0) (5.0,12.0) (10.0,5.0) (5.0,10.0) (8.0,6.0) (9.0,7.0) (7.0,11.0) (8.0,4.0) (7.0,7.0) (8.0,8.0) (7.0,9.0)
numgame: 93, moves: 49, (8.0,9.0) (10.0,12.0) (10.0,3.0) (6.0,8.0) (3.0,10.0) (2.0,9.0) (8.0,6.0) (10.0,10.0) (12.0,5.0) (9.0,7.0) (2.0,6.0) (5.0,10.0) (4.0,7.0) (6.0,7.0) (10.0,5.0) (9.0,8.0) (5.0,5.0) (7.0,7.0) (5.0,7.0) (7.0,8.0) (4.0,8.0) (2.0,10.0) (8.0,7.0) (10.0,7.0) (11.0,7.0) (8.0,8.0) (13.0,9.0) (8.0,10.0) (7.0,6.0) (10.0,8.0) (8.0,5.0) (11.0,8.0) (11.0,5.0) (7.0,5.0) (12.0,4.0) (12.0,10.0) (7.0,10.0) (4.0,10.0) (7.0,9.0) (13.0,5.0) (13.0,6.0) (14.0,5.0) (11.0,13.0) (7.0,4.0) (5.0,8.0) (2.0,8.0) (5.0,11.0) (2.0,7.0) (2.0,5.0)
numgame: 94, moves: 53, (6.0,13.0) (6.0,7.0) (8.0,6.0) (8.0,9.0) (5.0,3.0) (12.0,10.0) (3.0,5.0) (5.0,10.0) (7.0,6.0) (7.0,8.0) (2.0,9.0) (5.0,5.0) (5.0,12.0) (10.0,5.0) (9.0,7.0) (9.0,13.0) (10.0,10.0) (7.0,5.0) (8.0,5.0) (7.0,11.0) (5.0,8.0) (8.0,7.0) (5.0,11.0) (9.0,8.0) (4.0,7.0) (2.0,5.0) (7.0,10.0) (8.0,8.0) (8.0,10.0) (8.0,11.0) (5.0,13.0) (7.0,7.0) (7.0,9.0) (6.0,8.0) (5.0,7.0) (10.0,12.0) (5.0,4.0) (8.0,4.0) (11.0,5.0) (4.0,10.0) (5.0,14.0) (11.0,7.0) (7.0,4.0) (7.0,13.0) (10.0,7.0) (8.0,13.0) (5.0,2.0) (10.0,8.0) (4.0,8.0) (11.0,8.0) (7.0,14.0) (8.0,14.0) (11.0,11.0)
numgame: 95, moves: 34, (7.0,9.0) (10.0,10.0) (13.0,6.0) (10.0,3.0) (5.0,12.0) (9.0,13.0) (3.0,5.0) (12.0,5.0) (10.0,5.0) (9.0,2.0) (6.0,8.0) (7.0,4.0) (5.0,5.0) (2.0,6.0) (13.0,9.0) (6.0,7.0) (11.0,8.0) (11.0,7.0) (5.0,7.0) (4.0,8.0) (7.0,5.0) (5.0,10.0) (11.0,4.0) (11.0,10.0) (5.0,8.0) (4.0,5.0) (7.0,8.0) (4.0,7.0) (8.0,9.0) (8.0,7.0) (2.0,7.0) (2.0,5.0) (5.0,4.0) (8.0,4.0)
numgame: 96, moves: 52, (13.0,9.0) (3.0,5.0) (10.0,3.0) (5.0,10.0) (8.0,6.0) (10.0,10.0) (2.0,6.0) (5.0,12.0) (7.0,9.0) (6.0,7.0) (4.0,8.0) (10.0,5.0) (5.0,5.0) (9.0,7.0) (11.0,7.0) (12.0,10.0) (8.0,8.0) (9.0,8.0) (6.0,8.0) (10.0,8.0) (11.0,8.0) (11.0,10.0) (13.0,5.0) (8.0,11.0) (10.0,7.0) (13.0,7.0) (8.0,10.0) (5.0,7.0) (7.0,5.0) (8.0,9.0) (13.0,10.0) (4.0,5.0) (12.0,5.0) (11.0,5.0) (7.0,7.0) (5.0,8.0) (7.0,8.0) (8.0,7.0) (7.0,10.0) (7.0,6.0) (4.0,7.0) (12.0,11.0) (2.0,9.0) (8.0,5.0) (10.0,4.0) (8.0,4.0) (4.0,10.0) (3.0,4.0) (7.0,4.0) (3.0,10.0) (2.0,7.0) (5.0,4.0)
numgame: 97, moves: 49, (7.0,6.0) (2.0,9.0) (13.0,9.0) (12.0,5.0) (9.0,13.0) (9.0,7.0) (10.0,12.0) (10.0,10.0) (6.0,7.0) (10.0,5.0) (3.0,10.0) (6.0,8.0) (5.0,3.0) (5.0,10.0) (4.0,7.0) (5.0,8.0) (11.0,7.0) (13.0,6.0) (2.0,5.0) (11.0,8.0) (11.0,5.0) (5.0,7.0) (5.0,5.0) (13.0,5.0) (7.0,11.0) (7.0,7.0) (10.0,8.0) (8.0,8.0) (9.0,8.0) (10.0,11.0) (8.0,6.0) (7.0,9.0) (8.0,11.0) (12.0,10.0) (8.0,7.0) (3.0,5.0) (4.0,5.0) (4.0,8.0) (2.0,10.0) (4.0,10.0) (10.0,7.0) (11.0,11.0) (13.0,4.0) (7.0,8.0) (7.0,5.0) (8.0,5.0) (8.0,9.0) (11.0,4.0) (11.0,12.0)
numgame: 98, moves: 53, (5.0,5.0) (9.0,13.0) (3.0,5.0) (13.0,9.0) (2.0,9.0) (10.0,10.0) (10.0,3.0) (8.0,6.0) (2.0,6.0) (6.0,8.0) (5.0,12.0) (6.0,2.0) (9.0,7.0) (12.0,5.0) (4.0,7.0) (8.0,4.0) (5.0,10.0) (7.0,11.0) (10.0,5.0) (7.0,7.0) (8.0,8.0) (7.0,9.0) (5.0,7.0) (7.0,5.0) (10.0,8.0) (6.0,7.0) (8.0,5.0) (10.0,7.0) (8.0,2.0) (7.0,4.0) (5.0,4.0) (5.0,8.0) (8.0,10.0) (7.0,10.0) (7.0,8.0) (4.0,8.0) (2.0,5.0) (8.0,9.0) (4.0,13.0) (8.0,11.0) (10.0,11.0) (8.0,7.0) (11.0,7.0) (4.0,10.0) (7.0,6.0) (4.0,3.0) (11.0,8.0) (9.0,8.0) (11.0,5.0) (13.0,4.0) (10.0,4.0) (7.0,2.0) (4.0,5.0)
numgame: 99, moves: 22, (6.0,13.0) (7.0,9.0) (6.0,2.0) (13.0,9.0) (5.0,3.0) (3.0,10.0) (9.0,7.0) (5.0,10.0) (7.0,6.0) (9.0,13.0) (13.0,6.0) (5.0,5.0) (10.0,12.0) (8.0,8.0) (12.0,5.0) (8.0,4.0) (10.0,5.0) (7.0,11.0) (10.0,10.0) (8.0,11.0) (7.0,7.0) (5.0,11.0)
numgame: 100, moves: 51, (6.0,13.0) (3.0,10.0) (9.0,13.0) (7.0,9.0) (5.0,12.0) (10.0,3.0) (6.0,2.0) (13.0,9.0) (9.0,7.0) (10.0,5.0) (8.0,6.0) (5.0,5.0) (5.0,10.0) (7.0,6.0) (11.0,7.0) (8.0,11.0) (8.0,8.0) (12.0,10.0) (7.0,11.0) (10.0,10.0) (10.0,11.0) (7.0,7.0) (10.0,8.0) (6.0,8.0) (8.0,10.0) (11.0,10.0) (10.0,7.0) (10.0,12.0) (8.0,13.0) (8.0,14.0) (8.0,7.0) (7.0,8.0) (7.0,5.0) (11.0,8.0) (11.0,11.0) (13.0,10.0) (8.0,5.0) (6.0,7.0) (8.0,9.0) (9.0,8.0) (12.0,11.0) (4.0,5.0) (7.0,10.0) (4.0,10.0) (10.0,13.0) (10.0,14.0) (7.0,13.0) (5.0,11.0) (5.0,8.0) (7.0,14.0) (4.0,11.0)
numgame: 101, moves: 55, (8.0,9.0) (12.0,10.0) (10.0,10.0) (6.0,7.0) (7.0,9.0) (5.0,12.0) (9.0,2.0) (7.0,6.0) (5.0,5.0) (6.0,13.0) (10.0,3.0) (3.0,5.0) (10.0,5.0) (13.0,6.0) (7.0,4.0) (7.0,8.0) (9.0,8.0) (8.0,5.0) (11.0,8.0) (7.0,5.0) (7.0,2.0) (7.0,10.0) (5.0,10.0) (8.0,10.0) (8.0,7.0) (11.0,4.0) (5.0,2.0) (12.0,5.0) (7.0,11.0) (5.0,13.0) (4.0,8.0) (5.0,11.0) (8.0,11.0) (5.0,7.0) (8.0,13.0) (5.0,8.0) (5.0,4.0) (6.0,8.0) (4.0,5.0) (8.0,4.0) (2.0,4.0) (6.0,2.0) (8.0,2.0) (4.0,7.0) (8.0,6.0) (2.0,7.0) (7.0,7.0) (8.0,8.0) (10.0,8.0) (10.0,7.0) (4.0,12.0) (9.0,7.0) (11.0,7.0) (11.0,10.0) (10.0,11.0)
numgame: 102, moves: 41, (5.0,12.0) (7.0,6.0) (10.0,5.0) (7.0,9.0) (10.0,3.0) (6.0,13.0) (13.0,6.0) (13.0,9.0) (9.0,8.0) (10.0,10.0) (6.0,7.0) (3.0,10.0) (5.0,10.0) (9.0,7.0) (8.0,8.0) (8.0,5.0) (8.0,7.0) (7.0,7.0) (7.0,5.0) (7.0,8.0) (12.0,5.0) (11.0,4.0) (9.0,2.0) (11.0,7.0) (5.0,5.0) (11.0,8.0) (10.0,7.0) (10.0,8.0) (13.0,4.0) (13.0,8.0) (8.0,9.0) (13.0,5.0) (7.0,4.0) (13.0,7.0) (10.0,1.0) (8.0,6.0) (12.0,10.0) (6.0,8.0) (11.0,5.0) (10.0,4.0) (12.0,4.0)
numgame: 103, moves: 53, (9.0,2.0) (5.0,3.0) (7.0,4.0) (13.0,6.0) (6.0,8.0) (12.0,5.0) (9.0,8.0) (8.0,9.0) (2.0,6.0) (4.0,8.0) (6.0,2.0) (8.0,4.0) (10.0,7.0) (5.0,12.0) (5.0,4.0) (7.0,9.0) (5.0,5.0) (5.0,2.0) (10.0,10.0) (10.0,5.0) (3.0,5.0) (8.0,5.0) (5.0,7.0) (2.0,10.0) (11.0,5.0) (4.0,4.0) (11.0,8.0) (10.0,8.0) (8.0,8.0) (5.0,10.0) (7.0,7.0) (11.0,7.0) (8.0,6.0) (8.0,2.0) (13.0,5.0) (9.0,7.0) (8.0,7.0) (7.0,2.0) (4.0,5.0) (12.0,10.0) (7.0,6.0) (7.0,8.0) (2.0,5.0) (7.0,5.0) (5.0,8.0) (4.0,7.0) (5.0,11.0) (6.0,7.0) (10.0,4.0) (1.0,4.0) (2.0,7.0) (10.0,3.0) (11.0,4.0)
numgame: 104, moves: 57, (2.0,6.0) (9.0,13.0) (10.0,10.0) (5.0,3.0) (9.0,7.0) (6.0,8.0) (5.0,12.0) (8.0,6.0) (12.0,5.0) (7.0,5.0) (6.0,2.0) (7.0,9.0) (5.0,5.0) (8.0,4.0) (8.0,9.0) (8.0,5.0) (7.0,7.0) (4.0,8.0) (8.0,8.0) (10.0,2.0) (5.0,11.0) (3.0,5.0) (8.0,2.0) (10.0,5.0) (4.0,4.0) (5.0,10.0) (5.0,7.0) (5.0,4.0) (5.0,13.0) (7.0,4.0) (9.0,2.0) (10.0,7.0) (9.0,8.0) (7.0,6.0) (8.0,7.0) (7.0,8.0) (11.0,7.0) (10.0,8.0) (5.0,8.0) (7.0,2.0) (11.0,8.0) (4.0,5.0) (8.0,11.0) (4.0,7.0) (6.0,7.0) (7.0,10.0) (13.0,5.0) (8.0,10.0) (11.0,10.0) (3.0,10.0) (7.0,11.0) (4.0,14.0) (12.0,10.0) (4.0,11.0) (4.0,10.0) (7.0,13.0) (2.0,7.0)
numgame: 105, moves: 55, (6.0,8.0) (3.0,5.0) (6.0,2.0) (9.0,8.0) (12.0,10.0) (9.0,2.0) (7.0,4.0) (10.0,12.0) (10.0,3.0) (5.0,10.0) (8.0,9.0) (2.0,6.0) (10.0,10.0) (2.0,9.0) (8.0,4.0) (10.0,4.0) (10.0,5.0) (8.0,6.0) (10.0,7.0) (12.0,5.0) (8.0,5.0) (8.0,2.0) (4.0,8.0) (7.0,5.0) (5.0,5.0) (11.0,5.0) (10.0,2.0) (7.0,2.0) (7.0,6.0) (8.0,7.0) (7.0,7.0) (11.0,2.0) (8.0,8.0) (7.0,8.0) (6.0,7.0) (5.0,8.0) (5.0,7.0) (7.0,9.0) (4.0,7.0) (7.0,10.0) (7.0,11.0) (4.0,10.0) (8.0,10.0) (9.0,7.0) (5.0,3.0) (5.0,13.0) (11.0,7.0) (8.0,11.0) (6.0,13.0) (5.0,11.0) (7.0,13.0) (11.0,8.0) (4.0,4.0) (10.0,8.0) (10.0,11.0)
numgame: 106, moves: 30, (9.0,13.0) (5.0,10.0) (7.0,11.0) (9.0,2.0) (10.0,10.0) (5.0,3.0) (2.0,6.0) (7.0,4.0) (6.0,7.0) (13.0,9.0) (3.0,5.0) (6.0,13.0) (2.0,9.0) (11.0,7.0) (5.0,12.0) (13.0,6.0) (5.0,5.0) (8.0,11.0) (5.0,11.0) (5.0,8.0) (7.0,10.0) (8.0,10.0) (10.0,5.0) (10.0,8.0) (12.0,10.0) (10.0,7.0) (8.0,5.0) (7.0,6.0) (7.0,5.0) (7.0,2.0)
numgame: 107, moves: 40, (9.0,7.0) (10.0,12.0) (6.0,8.0) (6.0,2.0) (9.0,13.0) (3.0,10.0) (13.0,6.0) (12.0,10.0) (5.0,5.0) (10.0,5.0) (8.0,4.0) (11.0,8.0) (13.0,9.0) (2.0,6.0) (10.0,3.0) (7.0,11.0) (5.0,10.0) (7.0,9.0) (8.0,10.0) (7.0,10.0) (10.0,10.0) (5.0,13.0) (8.0,8.0) (7.0,13.0) (11.0,11.0) (7.0,7.0) (8.0,6.0) (10.0,8.0) (10.0,7.0) (13.0,10.0) (9.0,8.0) (8.0,9.0) (8.0,7.0) (7.0,8.0) (11.0,7.0) (11.0,10.0) (6.0,7.0) (12.0,11.0) (14.0,10.0) (15.0,11.0)
numgame: 108, moves: 22, (2.0,9.0) (5.0,10.0) (10.0,3.0) (3.0,5.0) (9.0,7.0) (9.0,13.0) (6.0,13.0) (5.0,12.0) (6.0,7.0) (2.0,6.0) (4.0,8.0) (4.0,7.0) (4.0,10.0) (5.0,5.0) (13.0,6.0) (8.0,9.0) (12.0,5.0) (10.0,5.0) (8.0,11.0) (7.0,8.0) (8.0,7.0) (10.0,10.0)
numgame: 109, moves: 53, (10.0,5.0) (10.0,10.0) (3.0,5.0) (8.0,9.0) (6.0,8.0) (7.0,6.0) (10.0,3.0) (12.0,10.0) (8.0,6.0) (6.0,2.0) (2.0,9.0) (9.0,7.0) (7.0,7.0) (9.0,13.0) (8.0,4.0) (5.0,5.0) (8.0,8.0) (7.0,11.0) (7.0,9.0) (4.0,7.0) (5.0,12.0) (10.0,8.0) (8.0,10.0) (8.0,7.0) (10.0,12.0) (10.0,11.0) (7.0,10.0) (7.0,13.0) (8.0,11.0) (10.0,13.0) (4.0,13.0) (6.0,13.0) (8.0,13.0) (9.0,8.0) (11.0,8.0) (11.0,10.0) (7.0,8.0) (6.0,7.0) (10.0,7.0) (5.0,10.0) (11.0,7.0) (8.0,5.0) (7.0,5.0) (5.0,7.0) (5.0,8.0) (3.0,10.0) (10.0,4.0) (7.0,4.0) (4.0,8.0) (5.0,4.0) (4.0,11.0) (4.0,5.0) (7.0,2.0)
numgame: 110, moves: 28, (9.0,13.0) (8.0,6.0) (5.0,12.0) (2.0,9.0) (9.0,7.0) (6.0,13.0) (5.0,10.0) (8.0,11.0) (12.0,5.0) (3.0,10.0) (13.0,9.0) (4.0,11.0) (5.0,5.0) (6.0,2.0) (10.0,10.0) (11.0,7.0) (5.0,3.0) (7.0,5.0) (2.0,6.0) (4.0,8.0) (5.0,7.0) (5.0,4.0) (10.0,5.0) (8.0,5.0) (4.0,7.0) (4.0,10.0) (7.0,10.0) (10.0,13.0)
numgame: 111, moves: 23, (2.0,6.0) (3.0,10.0) (12.0,5.0) (6.0,2.0) (8.0,9.0) (10.0,3.0) (13.0,6.0) (9.0,8.0) (6.0,13.0) (10.0,10.0) (4.0,8.0) (10.0,7.0) (8.0,11.0) (8.0,4.0) (2.0,9.0) (10.0,8.0) (4.0,7.0) (9.0,7.0) (5.0,10.0) (4.0,5.0) (10.0,5.0) (10.0,12.0) (5.0,5.0)
numgame: 112, moves: 48, (7.0,6.0) (5.0,10.0) (9.0,7.0) (12.0,5.0) (13.0,9.0) (7.0,9.0) (9.0,8.0) (6.0,13.0) (10.0,12.0) (10.0,3.0) (13.0,6.0) (3.0,10.0) (6.0,7.0) (11.0,7.0) (5.0,8.0) (10.0,5.0) (5.0,5.0) (8.0,7.0) (8.0,11.0) (8.0,8.0) (7.0,8.0) (10.0,7.0) (8.0,9.0) (7.0,7.0) (13.0,4.0) (7.0,10.0) (10.0,13.0) (10.0,8.0) (4.0,10.0) (10.0,10.0) (13.0,5.0) (5.0,7.0) (11.0,8.0) (4.0,7.0) (7.0,4.0) (11.0,5.0) (8.0,10.0) (8.0,5.0) (11.0,13.0) (5.0,2.0) (4.0,8.0) (2.0,6.0) (7.0,5.0) (8.0,6.0) (6.0,8.0) (2.0,8.0) (5.0,11.0) (7.0,11.0)
numgame: 113, moves: 50, (6.0,13.0) (9.0,7.0) (5.0,5.0) (7.0,9.0) (10.0,12.0) (2.0,6.0) (9.0,13.0) (4.0,8.0) (5.0,10.0) (13.0,9.0) (10.0,3.0) (10.0,5.0) (3.0,10.0) (8.0,6.0) (6.0,2.0) (11.0,7.0) (8.0,11.0) (10.0,10.0) (12.0,5.0) (8.0,8.0) (7.0,7.0) (6.0,8.0) (8.0,10.0) (10.0,8.0) (10.0,7.0) (13.0,7.0) (8.0,9.0) (7.0,5.0) (5.0,7.0) (9.0,8.0) (7.0,8.0) (5.0,8.0) (6.0,7.0) (4.0,7.0) (7.0,6.0) (2.0,9.0) (2.0,5.0) (2.0,11.0) (4.0,5.0) (8.0,7.0) (11.0,4.0) (8.0,5.0) (11.0,2.0) (7.0,10.0) (7.0,4.0) (8.0,4.0) (10.0,4.0) (11.0,5.0) (11.0,3.0) (13.0,5.0)
numgame: 114, moves: 28, (13.0,6.0) (10.0,12.0) (6.0,8.0) (12.0,10.0) (8.0,9.0) (7.0,9.0) (3.0,5.0) (5.0,5.0) (9.0,2.0) (9.0,13.0) (2.0,6.0) (5.0,7.0) (6.0,2.0) (10.0,5.0) (4.0,8.0) (5.0,8.0) (7.0,5.0) (2.0,8.0) (8.0,4.0) (5.0,3.0) (8.0,5.0) (11.0,8.0) (5.0,10.0) (7.0,4.0) (5.0,2.0) (10.0,4.0) (10.0,10.0) (4.0,4.0)
numgame: 115, moves: 50, (8.0,6.0) (5.0,3.0) (10.0,12.0) (9.0,8.0) (6.0,8.0) (7.0,7.0) (2.0,9.0) (7.0,6.0) (4.0,7.0) (10.0,5.0) (9.0,7.0) (8.0,9.0) (3.0,5.0) (7.0,5.0) (8.0,7.0) (5.0,5.0) (8.0,8.0) (12.0,5.0) (10.0,10.0) (10.0,7.0) (4.0,5.0) (8.0,10.0) (11.0,7.0) (7.0,9.0) (7.0,8.0) (11.0,5.0) (6.0,7.0) (13.0,9.0) (11.0,4.0) (10.0,8.0) (3.0,4.0) (7.0,11.0) (8.0,5.0) (7.0,4.0) (5.0,10.0) (7.0,10.0) (11.0,8.0) (5.0,8.0) (3.0,10.0) (4.0,8.0) (9.0,13.0) (2.0,5.0) (8.0,11.0) (5.0,7.0) (8.0,4.0) (10.0,4.0) (5.0,11.0) (13.0,7.0) (2.0,7.0) (5.0,4.0)
numgame: 116, moves: 49, (7.0,6.0) (5.0,10.0) (10.0,10.0) (8.0,9.0) (2.0,9.0) (10.0,5.0) (5.0,12.0) (12.0,5.0) (6.0,8.0) (4.0,7.0) (10.0,3.0) (3.0,10.0) (9.0,13.0) (8.0,6.0) (9.0,2.0) (7.0,7.0) (6.0,7.0) (5.0,8.0) (2.0,5.0) (7.0,8.0) (8.0,7.0) (9.0,8.0) (5.0,7.0) (10.0,7.0) (2.0,7.0) (5.0,5.0) (8.0,8.0) (7.0,11.0) (8.0,10.0) (4.0,4.0) (5.0,13.0) (7.0,9.0) (7.0,10.0) (11.0,10.0) (10.0,8.0) (9.0,7.0) (7.0,5.0) (4.0,8.0) (4.0,5.0) (11.0,7.0) (11.0,8.0) (8.0,11.0) (8.0,4.0) (8.0,5.0) (10.0,11.0) (13.0,10.0) (8.0,13.0) (5.0,4.0) (7.0,4.0)
numgame: 117, moves: 52, (5.0,12.0) (5.0,3.0) (13.0,9.0) (3.0,10.0) (7.0,9.0) (8.0,6.0) (6.0,7.0) (10.0,10.0) (12.0,5.0) (9.0,13.0) (5.0,10.0) (6.0,13.0) (7.0,11.0) (7.0,6.0) (11.0,7.0) (5.0,5.0) (9.0,7.0) (8.0,11.0) (8.0,8.0) (10.0,5.0) (10.0,11.0) (7.0,5.0) (5.0,8.0) (5.0,7.0) (8.0,4.0) (7.0,10.0) (8.0,5.0) (7.0,8.0) (8.0,10.0) (8.0,9.0) (6.0,8.0) (7.0,7.0) (4.0,8.0) (10.0,4.0) (4.0,13.0) (7.0,4.0) (10.0,7.0) (5.0,13.0) (10.0,3.0) (11.0,4.0) (4.0,7.0) (11.0,12.0) (13.0,7.0) (4.0,10.0) (8.0,2.0) (8.0,7.0) (9.0,2.0) (11.0,5.0) (11.0,3.0) (8.0,1.0) (9.0,8.0) (13.0,4.0)
numgame: 118, moves: 55, (2.0,6.0) (10.0,12.0) (9.0,7.0) (13.0,9.0) (9.0,13.0) (6.0,8.0) (11.0,7.0) (13.0,6.0) (10.0,5.0) (5.0,10.0) (12.0,10.0) (5.0,3.0) (11.0,11.0) (3.0,10.0) (7.0,9.0) (5.0,5.0) (8.0,10.0) (11.0,8.0) (6.0,2.0) (7.0,10.0) (11.0,5.0) (8.0,8.0) (4.0,8.0) (7.0,7.0) (10.0,10.0) (8.0,6.0) (7.0,5.0) (5.0,7.0) (10.0,8.0) (10.0,11.0) (9.0,8.0) (5.0,8.0) (4.0,7.0) (7.0,8.0) (8.0,7.0) (6.0,7.0) (8.0,5.0) (10.0,7.0) (2.0,11.0) (4.0,5.0) (7.0,4.0) (7.0,11.0) (8.0,4.0) (10.0,4.0) (13.0,7.0) (3.0,4.0) (9.0,2.0) (7.0,6.0) (8.0,9.0) (7.0,2.0) (8.0,11.0) (10.0,3.0) (5.0,11.0) (11.0,2.0) (5.0,4.0)
numgame: 119, moves: 31, (13.0,6.0) (7.0,6.0) (9.0,2.0) (5.0,12.0) (3.0,5.0) (2.0,9.0) (10.0,5.0) (9.0,8.0) (5.0,3.0) (6.0,13.0) (6.0,2.0) (11.0,8.0) (10.0,10.0) (8.0,4.0) (12.0,10.0) (13.0,9.0) (7.0,4.0) (5.0,4.0) (5.0,10.0) (5.0,5.0) (8.0,7.0) (5.0,2.0) (8.0,5.0) (8.0,6.0) (7.0,8.0) (7.0,5.0) (7.0,2.0) (5.0,7.0) (8.0,2.0) (9.0,7.0) (4.0,5.0)
numgame: 120, moves: 39, (12.0,10.0) (5.0,12.0) (5.0,3.0) (3.0,10.0) (9.0,7.0) (6.0,2.0) (13.0,9.0) (5.0,5.0) (8.0,6.0) (7.0,9.0) (7.0,6.0) (6.0,8.0) (8.0,4.0) (9.0,8.0) (8.0,7.0) (10.0,10.0) (10.0,5.0) (10.0,8.0) (5.0,10.0) (7.0,8.0) (10.0,7.0) (8.0,8.0) (11.0,5.0) (7.0,7.0) (6.0,7.0) (4.0,10.0) (7.0,5.0) (2.0,10.0) (10.0,2.0) (8.0,5.0) (7.0,4.0) (10.0,4.0) (8.0,9.0) (12.0,5.0) (13.0,4.0) (10.0,3.0) (8.0,2.0) (9.0,2.0) (7.0,2.0)
numgame: 121, moves: 54, (12.0,10.0) (6.0,13.0) (2.0,9.0) (7.0,6.0) (3.0,5.0) (4.0,7.0) (10.0,12.0) (13.0,6.0) (13.0,9.0) (5.0,3.0) (9.0,8.0) (11.0,8.0) (5.0,5.0) (5.0,10.0) (9.0,7.0) (10.0,10.0) (6.0,7.0) (11.0,7.0) (11.0,10.0) (13.0,10.0) (10.0,5.0) (8.0,7.0) (10.0,7.0) (8.0,5.0) (5.0,8.0) (10.0,8.0) (8.0,6.0) (5.0,7.0) (7.0,8.0) (2.0,5.0) (7.0,5.0) (8.0,4.0) (13.0,8.0) (2.0,7.0) (8.0,9.0) (4.0,8.0) (4.0,10.0) (13.0,5.0) (10.0,11.0) (7.0,11.0) (12.0,5.0) (6.0,8.0) (7.0,9.0) (7.0,7.0) (3.0,11.0) (8.0,8.0) (13.0,7.0) (11.0,5.0) (14.0,5.0) (8.0,11.0) (8.0,10.0) (7.0,10.0) (10.0,4.0) (7.0,4.0)
numgame: 122, moves: 26, (7.0,6.0) (2.0,9.0) (10.0,12.0) (12.0,10.0) (6.0,2.0) (10.0,10.0) (9.0,2.0) (13.0,9.0) (5.0,10.0) (11.0,7.0) (9.0,13.0) (11.0,11.0) (8.0,6.0) (6.0,8.0) (3.0,10.0) (5.0,5.0) (10.0,5.0) (7.0,4.0) (7.0,11.0) (10.0,3.0) (7.0,7.0) (7.0,5.0) (8.0,5.0) (11.0,2.0) (5.0,2.0) (8.0,8.0)
numgame: 123, moves: 53, (8.0,6.0) (8.0,9.0) (7.0,6.0) (9.0,2.0) (7.0,9.0) (5.0,12.0) (12.0,10.0) (10.0,10.0) (3.0,10.0) (9.0,13.0) (10.0,5.0) (6.0,7.0) (5.0,5.0) (7.0,11.0) (5.0,8.0) (5.0,10.0) (7.0,4.0) (5.0,11.0) (8.0,11.0) (6.0,13.0) (11.0,8.0) (10.0,3.0) (7.0,8.0) (8.0,7.0) (7.0,10.0) (4.0,10.0) (4.0,7.0) (4.0,8.0) (9.0,8.0) (4.0,13.0) (7.0,13.0) (6.0,8.0) (7.0,7.0) (8.0,8.0) (4.0,12.0) (8.0,5.0) (10.0,7.0) (10.0,8.0) (8.0,10.0) (7.0,5.0) (9.0,7.0) (11.0,5.0) (13.0,11.0) (11.0,10.0) (11.0,7.0) (8.0,4.0) (5.0,4.0) (13.0,8.0) (5.0,7.0) (10.0,2.0) (10.0,11.0) (5.0,3.0) (4.0,2.0)
numgame: 124, moves: 22, (5.0,5.0) (3.0,5.0) (2.0,9.0) (8.0,6.0) (9.0,2.0) (6.0,13.0) (9.0,13.0) (12.0,5.0) (13.0,9.0) (4.0,7.0) (8.0,11.0) (5.0,3.0) (5.0,12.0) (6.0,2.0) (11.0,7.0) (7.0,11.0) (2.0,6.0) (4.0,4.0) (10.0,5.0) (10.0,11.0) (5.0,10.0) (10.0,10.0)
numgame: 125, moves: 55, (7.0,6.0) (10.0,3.0) (5.0,5.0) (3.0,5.0) (12.0,5.0) (2.0,9.0) (13.0,6.0) (10.0,5.0) (6.0,7.0) (11.0,8.0) (9.0,13.0) (9.0,7.0) (8.0,9.0) (7.0,11.0) (6.0,8.0) (5.0,10.0) (5.0,12.0) (4.0,7.0) (7.0,8.0) (10.0,10.0) (8.0,7.0) (8.0,5.0) (11.0,5.0) (10.0,7.0) (10.0,8.0) (11.0,7.0) (8.0,4.0) (9.0,8.0) (13.0,5.0) (7.0,10.0) (13.0,8.0) (13.0,7.0) (10.0,4.0) (13.0,9.0) (8.0,6.0) (7.0,7.0) (7.0,4.0) (8.0,10.0) (7.0,5.0) (8.0,8.0) (7.0,9.0) (12.0,4.0) (4.0,5.0) (12.0,10.0) (10.0,2.0) (10.0,12.0) (5.0,8.0) (11.0,11.0) (4.0,8.0) (5.0,11.0) (2.0,8.0) (8.0,11.0) (4.0,10.0) (4.0,11.0) (5.0,7.0)
numgame: 126, moves: 50, (6.0,7.0) (5.0,5.0) (8.0,6.0) (10.0,3.0) (2.0,6.0) (7.0,9.0) (9.0,8.0) (6.0,13.0) (9.0,7.0) (8.0,11.0) (8.0,8.0) (13.0,9.0) (12.0,10.0) (3.0,10.0) (10.0,5.0) (7.0,7.0) (4.0,8.0) (10.0,10.0) (10.0,8.0) (11.0,8.0) (10.0,7.0) (5.0,12.0) (8.0,7.0) (6.0,8.0) (7.0,6.0) (5.0,8.0) (11.0,7.0) (13.0,5.0) (13.0,10.0) (5.0,7.0) (7.0,10.0) (8.0,9.0) (11.0,10.0) (7.0,5.0) (14.0,10.0) (3.0,5.0) (4.0,5.0) (8.0,10.0) (7.0,8.0) (5.0,10.0) (11.0,4.0) (10.0,11.0) (8.0,13.0) (2.0,8.0) (4.0,7.0) (7.0,14.0) (2.0,9.0) (4.0,11.0) (7.0,11.0) (7.0,13.0)
numgame: 127, moves: 48, (3.0,10.0) (10.0,10.0) (9.0,13.0) (9.0,2.0) (5.0,12.0) (8.0,6.0) (6.0,8.0) (12.0,10.0) (7.0,9.0) (5.0,5.0) (8.0,9.0) (7.0,7.0) (5.0,3.0) (10.0,5.0) (8.0,8.0) (7.0,11.0) (6.0,7.0) (7.0,4.0) (7.0,6.0) (7.0,8.0) (8.0,7.0) (9.0,8.0) (10.0,8.0) (8.0,5.0) (8.0,10.0) (5.0,10.0) (10.0,7.0) (10.0,12.0) (5.0,2.0) (12.0,5.0) (7.0,5.0) (10.0,3.0) (11.0,5.0) (7.0,10.0) (4.0,2.0) (5.0,4.0) (8.0,4.0) (5.0,7.0) (6.0,2.0) (9.0,7.0) (11.0,10.0) (13.0,11.0) (5.0,11.0) (8.0,11.0) (11.0,8.0) (5.0,13.0) (11.0,7.0) (10.0,13.0)
numgame: 128, moves: 58, (5.0,10.0) (12.0,5.0) (6.0,8.0) (5.0,12.0) (5.0,3.0) (8.0,9.0) (2.0,9.0) (6.0,7.0) (9.0,7.0) (5.0,5.0) (4.0,7.0) (3.0,5.0) (9.0,8.0) (7.0,6.0) (10.0,5.0) (10.0,7.0) (8.0,6.0) (7.0,5.0) (8.0,5.0) (7.0,8.0) (7.0,7.0) (7.0,4.0) (5.0,7.0) (2.0,4.0) (11.0,8.0) (5.0,8.0) (8.0,4.0) (6.0,2.0) (4.0,8.0) (8.0,8.0) (10.0,10.0) (8.0,11.0) (7.0,11.0) (7.0,9.0) (7.0,10.0) (10.0,4.0) (10.0,13.0) (8.0,10.0) (10.0,8.0) (3.0,10.0) (13.0,8.0) (8.0,2.0) (5.0,13.0) (5.0,11.0) (4.0,10.0) (8.0,7.0) (11.0,7.0) (2.0,10.0) (4.0,11.0) (6.0,13.0) (5.0,14.0) (7.0,13.0) (11.0,10.0) (12.0,10.0) (11.0,5.0) (10.0,11.0) (10.0,12.0) (11.0,13.0)
numgame: 129, moves: 21, (10.0,10.0) (5.0,12.0) (6.0,2.0) (2.0,9.0) (12.0,10.0) (10.0,5.0) (2.0,6.0) (9.0,2.0) (10.0,3.0) (3.0,10.0) (5.0,10.0) (6.0,8.0) (8.0,4.0) (9.0,13.0) (8.0,9.0) (8.0,6.0) (7.0,11.0) (5.0,5.0) (4.0,7.0) (7.0,7.0) (8.0,8.0)
numgame: 130, moves: 23, (5.0,12.0) (13.0,9.0) (2.0,9.0) (11.0,7.0) (5.0,3.0) (10.0,5.0) (6.0,7.0) (5.0,5.0) (12.0,10.0) (5.0,10.0) (6.0,8.0) (9.0,2.0) (2.0,6.0) (10.0,10.0) (3.0,10.0) (4.0,7.0) (9.0,13.0) (7.0,11.0) (8.0,6.0) (7.0,7.0) (8.0,8.0) (5.0,7.0) (5.0,4.0)
numgame: 131, moves: 39, (7.0,6.0) (6.0,7.0) (13.0,6.0) (9.0,7.0) (5.0,5.0) (5.0,10.0) (6.0,8.0) (3.0,5.0) (7.0,9.0) (10.0,12.0) (5.0,3.0) (12.0,10.0) (8.0,10.0) (9.0,13.0) (7.0,11.0) (10.0,10.0) (11.0,8.0) (10.0,8.0) (10.0,5.0) (8.0,9.0) (7.0,10.0) (7.0,13.0) (8.0,8.0) (9.0,8.0) (7.0,7.0) (8.0,11.0) (5.0,11.0) (10.0,13.0) (5.0,12.0) (13.0,11.0) (8.0,7.0) (4.0,10.0) (5.0,7.0) (8.0,6.0) (5.0,13.0) (5.0,4.0) (7.0,8.0) (4.0,11.0) (10.0,11.0)
numgame: 132, moves: 51, (7.0,6.0) (10.0,3.0) (8.0,6.0) (10.0,10.0) (5.0,5.0) (5.0,12.0) (9.0,7.0) (6.0,2.0) (8.0,4.0) (9.0,8.0) (12.0,5.0) (8.0,9.0) (10.0,7.0) (6.0,13.0) (5.0,10.0) (3.0,10.0) (10.0,8.0) (2.0,9.0) (8.0,7.0) (4.0,11.0) (8.0,5.0) (11.0,2.0) (4.0,7.0) (8.0,11.0) (12.0,10.0) (7.0,5.0) (5.0,7.0) (7.0,8.0) (7.0,4.0) (5.0,8.0) (2.0,5.0) (5.0,4.0) (7.0,7.0) (6.0,7.0) (11.0,7.0) (8.0,8.0) (4.0,5.0) (6.0,8.0) (2.0,7.0) (10.0,4.0) (10.0,5.0) (8.0,10.0) (7.0,10.0) (4.0,8.0) (7.0,9.0) (2.0,11.0) (7.0,11.0) (9.0,13.0) (13.0,5.0) (5.0,11.0) (4.0,12.0)
numgame: 133, moves: 51, (2.0,6.0) (10.0,12.0) (9.0,13.0) (9.0,7.0) (10.0,3.0) (8.0,6.0) (7.0,11.0) (6.0,7.0) (10.0,5.0) (12.0,10.0) (5.0,10.0) (8.0,9.0) (3.0,5.0) (6.0,8.0) (10.0,8.0) (8.0,10.0) (7.0,9.0) (10.0,7.0) (8.0,8.0) (7.0,7.0) (8.0,11.0) (8.0,7.0) (5.0,5.0) (7.0,10.0) (10.0,13.0) (2.0,8.0) (9.0,8.0) (7.0,6.0) (5.0,11.0) (8.0,5.0) (7.0,13.0) (4.0,10.0) (11.0,8.0) (6.0,13.0) (13.0,10.0) (7.0,5.0) (11.0,13.0) (7.0,8.0) (10.0,10.0) (8.0,4.0) (10.0,2.0) (6.0,2.0) (11.0,4.0) (8.0,13.0) (7.0,4.0) (10.0,4.0) (4.0,7.0) (4.0,8.0) (5.0,8.0) (5.0,7.0) (2.0,4.0)
numgame: 134, moves: 56, (13.0,6.0) (9.0,7.0) (10.0,12.0) (3.0,5.0) (6.0,8.0) (12.0,10.0) (13.0,9.0) (7.0,6.0) (7.0,9.0) (5.0,5.0) (5.0,7.0) (10.0,3.0) (8.0,8.0) (10.0,10.0) (6.0,2.0) (7.0,7.0) (8.0,6.0) (5.0,8.0) (11.0,7.0) (9.0,13.0) (10.0,8.0) (11.0,8.0) (11.0,10.0) (13.0,10.0) (10.0,7.0) (13.0,5.0) (13.0,7.0) (10.0,5.0) (13.0,8.0) (10.0,11.0) (5.0,10.0) (7.0,11.0) (11.0,11.0) (8.0,11.0) (14.0,8.0) (8.0,5.0) (7.0,10.0) (7.0,8.0) (4.0,8.0) (6.0,7.0) (8.0,7.0) (8.0,4.0) (7.0,5.0) (10.0,2.0) (8.0,9.0) (8.0,10.0) (9.0,8.0) (12.0,5.0) (4.0,7.0) (7.0,4.0) (10.0,4.0) (11.0,5.0) (10.0,1.0) (14.0,5.0) (4.0,10.0) (3.0,10.0)
numgame: 135, moves: 53, (8.0,9.0) (12.0,5.0) (9.0,7.0) (9.0,13.0) (6.0,13.0) (2.0,6.0) (10.0,10.0) (5.0,5.0) (10.0,3.0) (6.0,7.0) (7.0,9.0) (8.0,8.0) (5.0,10.0) (8.0,6.0) (7.0,11.0) (10.0,5.0) (8.0,11.0) (5.0,11.0) (3.0,10.0) (7.0,7.0) (7.0,8.0) (5.0,12.0) (7.0,10.0) (8.0,10.0) (8.0,7.0) (11.0,10.0) (6.0,8.0) (5.0,7.0) (10.0,13.0) (5.0,13.0) (10.0,8.0) (7.0,5.0) (3.0,5.0) (10.0,7.0) (8.0,4.0) (8.0,5.0) (7.0,4.0) (4.0,5.0) (4.0,7.0) (6.0,2.0) (9.0,8.0) (13.0,4.0) (4.0,8.0) (7.0,6.0) (10.0,4.0) (11.0,2.0) (4.0,13.0) (7.0,2.0) (11.0,5.0) (13.0,7.0) (5.0,4.0) (5.0,8.0) (2.0,11.0)
numgame: 136, moves: 27, (5.0,10.0) (13.0,9.0) (6.0,7.0) (11.0,7.0) (6.0,13.0) (9.0,7.0) (5.0,12.0) (2.0,9.0) (5.0,3.0) (2.0,6.0) (4.0,8.0) (8.0,6.0) (8.0,11.0) (7.0,5.0) (3.0,5.0) (10.0,5.0) (8.0,5.0) (10.0,10.0) (5.0,5.0) (4.0,7.0) (12.0,5.0) (9.0,8.0) (5.0,7.0) (5.0,4.0) (2.0,7.0) (4.0,5.0) (1.0,8.0)
numgame: 137, moves: 32, (6.0,7.0) (5.0,3.0) (9.0,13.0) (9.0,7.0) (12.0,10.0) (6.0,13.0) (2.0,6.0) (10.0,12.0) (8.0,11.0) (5.0,5.0) (7.0,9.0) (13.0,9.0) (4.0,8.0) (8.0,6.0) (10.0,8.0) (10.0,10.0) (3.0,5.0) (10.0,7.0) (5.0,10.0) (11.0,7.0) (11.0,11.0) (8.0,10.0) (13.0,7.0) (11.0,10.0) (11.0,13.0) (10.0,5.0) (8.0,8.0) (12.0,12.0) (8.0,9.0) (7.0,8.0) (11.0,12.0) (8.0,7.0)
numgame: 138, moves: 47, (9.0,2.0) (5.0,12.0) (9.0,8.0) (7.0,9.0) (13.0,6.0) (10.0,3.0) (5.0,5.0) (6.0,7.0) (10.0,5.0) (7.0,4.0) (3.0,10.0) (8.0,9.0) (7.0,6.0) (5.0,8.0) (10.0,10.0) (8.0,7.0) (6.0,8.0) (12.0,5.0) (11.0,4.0) (7.0,8.0) (5.0,7.0) (8.0,8.0) (9.0,7.0) (7.0,7.0) (12.0,3.0) (8.0,10.0) (7.0,10.0) (10.0,7.0) (4.0,4.0) (5.0,10.0) (8.0,13.0) (4.0,7.0) (10.0,4.0) (8.0,11.0) (8.0,6.0) (8.0,4.0) (8.0,5.0) (6.0,13.0) (6.0,2.0) (7.0,5.0) (5.0,3.0) (10.0,2.0) (8.0,2.0) (11.0,5.0) (7.0,2.0) (7.0,1.0) (3.0,5.0)
numgame: 139, moves: 44, (10.0,12.0) (5.0,3.0) (12.0,10.0) (13.0,9.0) (9.0,2.0) (9.0,8.0) (11.0,7.0) (10.0,10.0) (13.0,6.0) (7.0,9.0) (6.0,2.0) (3.0,5.0) (7.0,6.0) (8.0,7.0) (5.0,10.0) (6.0,13.0) (7.0,4.0) (11.0,8.0) (7.0,8.0) (11.0,10.0) (13.0,10.0) (5.0,5.0) (10.0,5.0) (10.0,7.0) (10.0,8.0) (13.0,8.0) (13.0,5.0) (10.0,11.0) (9.0,7.0) (13.0,7.0) (8.0,8.0) (8.0,6.0) (7.0,7.0) (6.0,8.0) (7.0,10.0) (5.0,7.0) (8.0,9.0) (11.0,12.0) (8.0,10.0) (5.0,4.0) (8.0,4.0) (7.0,5.0) (8.0,5.0) (4.0,10.0)
numgame: 140, moves: 21, (6.0,13.0) (5.0,12.0) (12.0,5.0) (13.0,6.0) (9.0,7.0) (10.0,5.0) (2.0,6.0) (10.0,3.0) (6.0,2.0) (8.0,9.0) (4.0,8.0) (11.0,8.0) (10.0,10.0) (5.0,10.0) (3.0,5.0) (8.0,4.0) (9.0,13.0) (7.0,9.0) (8.0,8.0) (7.0,7.0) (5.0,5.0)
numgame: 141, moves: 41, (7.0,9.0) (5.0,3.0) (6.0,13.0) (5.0,5.0) (8.0,11.0) (9.0,7.0) (9.0,13.0) (5.0,12.0) (7.0,6.0) (13.0,6.0) (12.0,5.0) (8.0,8.0) (6.0,7.0) (3.0,10.0) (5.0,10.0) (7.0,7.0) (10.0,10.0) (13.0,9.0) (5.0,8.0) (5.0,11.0) (11.0,7.0) (10.0,5.0) (7.0,11.0) (10.0,14.0) (7.0,10.0) (7.0,8.0) (8.0,7.0) (8.0,10.0) (5.0,13.0) (9.0,8.0) (10.0,7.0) (13.0,4.0) (6.0,8.0) (8.0,9.0) (8.0,6.0) (5.0,7.0) (10.0,11.0) (5.0,4.0) (10.0,8.0) (12.0,10.0) (4.0,13.0)
numgame: 142, moves: 21, (10.0,5.0) (6.0,13.0) (5.0,10.0) (8.0,11.0) (5.0,3.0) (10.0,12.0) (2.0,9.0) (9.0,2.0) (13.0,6.0) (13.0,9.0) (3.0,5.0) (7.0,6.0) (9.0,8.0) (6.0,2.0) (10.0,10.0) (12.0,5.0) (8.0,4.0) (4.0,7.0) (5.0,5.0) (8.0,7.0) (7.0,8.0)
numgame: 143, moves: 54, (10.0,10.0) (7.0,9.0) (6.0,2.0) (10.0,3.0) (2.0,6.0) (12.0,5.0) (13.0,6.0) (9.0,13.0) (10.0,5.0) (10.0,12.0) (9.0,7.0) (4.0,8.0) (6.0,8.0) (8.0,9.0) (5.0,10.0) (3.0,5.0) (11.0,8.0) (8.0,8.0) (8.0,4.0) (5.0,5.0) (5.0,7.0) (5.0,8.0) (7.0,8.0) (6.0,7.0) (7.0,7.0) (4.0,7.0) (7.0,10.0) (8.0,7.0) (7.0,4.0) (7.0,6.0) (8.0,6.0) (2.0,10.0) (3.0,10.0) (4.0,10.0) (8.0,10.0) (11.0,10.0) (1.0,10.0) (10.0,4.0) (11.0,7.0) (9.0,8.0) (10.0,8.0) (7.0,11.0) (10.0,7.0) (13.0,10.0) (7.0,5.0) (13.0,4.0) (10.0,11.0) (4.0,5.0) (13.0,8.0) (8.0,11.0) (13.0,7.0) (13.0,5.0) (11.0,5.0) (14.0,8.0)
numgame: 144, moves: 52, (7.0,9.0) (9.0,7.0) (12.0,10.0) (8.0,8.0) (10.0,12.0) (8.0,6.0) (6.0,7.0) (3.0,5.0) (7.0,6.0) (10.0,5.0) (10.0,3.0) (9.0,13.0) (10.0,10.0) (5.0,10.0) (10.0,8.0) (10.0,7.0) (5.0,5.0) (13.0,9.0) (6.0,13.0) (7.0,7.0) (6.0,8.0) (7.0,11.0) (8.0,10.0) (11.0,11.0) (8.0,7.0) (11.0,7.0) (7.0,10.0) (8.0,9.0) (8.0,5.0) (5.0,13.0) (7.0,5.0) (7.0,13.0) (11.0,8.0) (13.0,6.0) (8.0,13.0) (11.0,10.0) (10.0,11.0) (7.0,8.0) (8.0,11.0) (7.0,4.0) (4.0,11.0) (9.0,8.0) (5.0,8.0) (4.0,7.0) (5.0,4.0) (5.0,12.0) (5.0,11.0) (8.0,4.0) (5.0,7.0) (5.0,3.0) (4.0,10.0) (4.0,8.0)
numgame: 145, moves: 54, (5.0,10.0) (3.0,10.0) (6.0,2.0) (7.0,9.0) (9.0,8.0) (2.0,6.0) (13.0,9.0) (13.0,6.0) (11.0,8.0) (12.0,5.0) (4.0,8.0) (5.0,5.0) (10.0,5.0) (5.0,12.0) (5.0,3.0) (6.0,8.0) (9.0,7.0) (8.0,8.0) (11.0,7.0) (10.0,8.0) (10.0,7.0) (13.0,5.0) (11.0,10.0) (7.0,7.0) (8.0,7.0) (7.0,8.0) (11.0,5.0) (8.0,6.0) (12.0,10.0) (7.0,6.0) (8.0,9.0) (6.0,7.0) (7.0,10.0) (10.0,10.0) (13.0,10.0) (8.0,10.0) (14.0,11.0) (5.0,7.0) (7.0,5.0) (5.0,4.0) (5.0,8.0) (5.0,11.0) (2.0,11.0) (8.0,11.0) (7.0,11.0) (4.0,10.0) (2.0,8.0) (4.0,7.0) (2.0,7.0) (7.0,4.0) (8.0,4.0) (4.0,5.0) (3.0,5.0) (4.0,4.0)
numgame: 146, moves: 21, (9.0,2.0) (2.0,9.0) (6.0,13.0) (7.0,6.0) (13.0,9.0) (9.0,8.0) (8.0,6.0) (11.0,7.0) (10.0,5.0) (10.0,3.0) (4.0,7.0) (5.0,10.0) (6.0,2.0) (12.0,5.0) (8.0,7.0) (7.0,8.0) (10.0,12.0) (10.0,10.0) (5.0,5.0) (3.0,5.0) (8.0,11.0)
numgame: 147, moves: 52, (9.0,7.0) (6.0,7.0) (8.0,9.0) (8.0,6.0) (7.0,8.0) (3.0,10.0) (5.0,5.0) (2.0,6.0) (10.0,3.0) (6.0,13.0) (5.0,12.0) (12.0,5.0) (9.0,8.0) (2.0,9.0) (8.0,11.0) (4.0,11.0) (10.0,7.0) (4.0,7.0) (5.0,10.0) (10.0,10.0) (4.0,8.0) (3.0,12.0) (4.0,10.0) (7.0,10.0) (10.0,5.0) (5.0,8.0) (7.0,6.0) (5.0,11.0) (7.0,13.0) (6.0,8.0) (10.0,8.0) (7.0,11.0) (7.0,9.0) (7.0,7.0) (5.0,7.0) (12.0,10.0) (8.0,7.0) (11.0,7.0) (3.0,5.0) (8.0,10.0) (11.0,10.0) (11.0,8.0) (2.0,10.0) (8.0,13.0) (8.0,4.0) (10.0,11.0) (8.0,8.0) (11.0,5.0) (4.0,4.0) (8.0,5.0) (13.0,10.0) (13.0,5.0)
numgame: 148, moves: 52, (9.0,7.0) (3.0,10.0) (5.0,10.0) (2.0,9.0) (5.0,3.0) (10.0,12.0) (12.0,5.0) (5.0,5.0) (10.0,5.0) (13.0,6.0) (9.0,8.0) (6.0,13.0) (8.0,9.0) (7.0,6.0) (6.0,2.0) (4.0,7.0) (8.0,7.0) (11.0,8.0) (10.0,10.0) (10.0,7.0) (8.0,4.0) (11.0,7.0) (8.0,5.0) (11.0,5.0) (7.0,8.0) (7.0,5.0) (10.0,8.0) (5.0,7.0) (5.0,8.0) (2.0,5.0) (6.0,7.0) (8.0,10.0) (2.0,11.0) (7.0,10.0) (7.0,7.0) (13.0,8.0) (8.0,6.0) (7.0,4.0) (12.0,10.0) (8.0,8.0) (7.0,9.0) (5.0,4.0) (6.0,8.0) (10.0,4.0) (4.0,8.0) (4.0,10.0) (8.0,2.0) (2.0,6.0) (8.0,11.0) (7.0,11.0) (5.0,11.0) (7.0,13.0)
numgame: 149, moves: 50, (7.0,9.0) (10.0,3.0) (12.0,10.0) (10.0,5.0) (9.0,8.0) (6.0,13.0) (7.0,6.0) (9.0,7.0) (13.0,9.0) (6.0,2.0) (3.0,10.0) (8.0,7.0) (8.0,8.0) (13.0,6.0) (7.0,8.0) (8.0,4.0) (8.0,11.0) (10.0,10.0) (5.0,5.0) (5.0,12.0) (7.0,7.0) (5.0,10.0) (7.0,10.0) (8.0,10.0) (10.0,13.0) (8.0,9.0) (6.0,7.0) (8.0,5.0) (10.0,7.0) (7.0,5.0) (5.0,7.0) (11.0,8.0) (10.0,4.0) (4.0,13.0) (6.0,8.0) (5.0,8.0) (4.0,8.0) (10.0,8.0) (7.0,11.0) (8.0,6.0) (8.0,2.0) (5.0,11.0) (4.0,10.0) (7.0,13.0) (11.0,7.0) (7.0,4.0) (11.0,10.0) (9.0,2.0) (4.0,7.0) (11.0,5.0)
numgame: 150, moves: 21, (9.0,2.0) (13.0,6.0) (10.0,3.0) (13.0,9.0) (5.0,10.0) (10.0,5.0) (10.0,12.0) (6.0,13.0) (3.0,5.0) (6.0,7.0) (2.0,6.0) (4.0,8.0) (2.0,9.0) (9.0,8.0) (5.0,5.0) (4.0,7.0) (10.0,10.0) (4.0,10.0) (12.0,10.0) (8.0,11.0) (11.0,7.0)
numgame: 151, moves: 56, (5.0,12.0) (7.0,6.0) (3.0,5.0) (13.0,6.0) (5.0,10.0) (5.0,5.0) (5.0,3.0) (6.0,7.0) (10.0,10.0) (2.0,9.0) (9.0,7.0) (11.0,8.0) (13.0,9.0) (6.0,8.0) (10.0,5.0) (9.0,8.0) (12.0,10.0) (11.0,7.0) (11.0,5.0) (8.0,7.0) (7.0,8.0) (8.0,9.0) (10.0,7.0) (13.0,10.0) (4.0,7.0) (11.0,10.0) (10.0,8.0) (8.0,8.0) (8.0,10.0) (7.0,7.0) (5.0,7.0) (5.0,4.0) (8.0,6.0) (7.0,10.0) (4.0,10.0) (7.0,5.0) (4.0,5.0) (2.0,7.0) (12.0,4.0) (7.0,9.0) (10.0,12.0) (10.0,4.0) (13.0,7.0) (4.0,8.0) (2.0,10.0) (2.0,6.0) (2.0,8.0) (5.0,11.0) (5.0,8.0) (3.0,10.0) (8.0,11.0) (7.0,11.0) (13.0,8.0) (10.0,11.0) (1.0,8.0) (4.0,11.0)
numgame: 152, moves: 51, (5.0,12.0) (9.0,7.0) (12.0,5.0) (9.0,8.0) (6.0,2.0) (13.0,6.0) (6.0,8.0) (8.0,9.0) (11.0,8.0) (3.0,10.0) (5.0,5.0) (10.0,10.0) (7.0,6.0) (7.0,9.0) (10.0,5.0) (8.0,4.0) (8.0,8.0) (10.0,8.0) (5.0,3.0) (7.0,10.0) (10.0,7.0) (8.0,10.0) (8.0,7.0) (13.0,10.0) (7.0,11.0) (8.0,11.0) (5.0,10.0) (10.0,11.0) (9.0,13.0) (10.0,12.0) (7.0,13.0) (7.0,7.0) (7.0,8.0) (8.0,6.0) (10.0,13.0) (11.0,7.0) (10.0,14.0) (12.0,10.0) (11.0,5.0) (6.0,7.0) (8.0,5.0) (10.0,3.0) (8.0,2.0) (10.0,4.0) (7.0,4.0) (9.0,2.0) (7.0,5.0) (11.0,4.0) (5.0,7.0) (5.0,8.0) (4.0,8.0)
numgame: 153, moves: 47, (8.0,6.0) (7.0,6.0) (2.0,9.0) (6.0,13.0) (10.0,12.0) (9.0,7.0) (6.0,7.0) (3.0,10.0) (9.0,8.0) (10.0,10.0) (4.0,7.0) (8.0,11.0) (10.0,5.0) (12.0,5.0) (8.0,7.0) (5.0,8.0) (5.0,5.0) (7.0,8.0) (13.0,9.0) (5.0,7.0) (10.0,3.0) (7.0,7.0) (11.0,7.0) (2.0,5.0) (10.0,7.0) (8.0,9.0) (7.0,10.0) (8.0,8.0) (5.0,10.0) (8.0,5.0) (11.0,8.0) (6.0,8.0) (10.0,8.0) (4.0,10.0) (11.0,5.0) (3.0,11.0) (12.0,4.0) (13.0,5.0) (7.0,5.0) (8.0,4.0) (4.0,8.0) (7.0,4.0) (10.0,4.0) (2.0,6.0) (4.0,5.0) (14.0,4.0) (13.0,7.0)
numgame: 154, moves: 22, (9.0,13.0) (8.0,6.0) (5.0,12.0) (10.0,3.0) (2.0,6.0) (10.0,5.0) (6.0,13.0) (13.0,9.0) (9.0,2.0) (5.0,5.0) (10.0,10.0) (6.0,2.0) (2.0,9.0) (8.0,11.0) (11.0,7.0) (7.0,11.0) (3.0,10.0) (10.0,11.0) (4.0,11.0) (5.0,10.0) (7.0,4.0) (12.0,5.0)
numgame: 155, moves: 55, (8.0,6.0) (6.0,2.0) (2.0,6.0) (6.0,13.0) (5.0,3.0) (8.0,4.0) (3.0,10.0) (9.0,7.0) (12.0,5.0) (5.0,10.0) (5.0,12.0) (8.0,9.0) (5.0,5.0) (7.0,9.0) (8.0,11.0) (10.0,10.0) (10.0,5.0) (7.0,5.0) (10.0,2.0) (9.0,8.0) (8.0,8.0) (7.0,7.0) (10.0,7.0) (10.0,8.0) (8.0,10.0) (11.0,7.0) (8.0,5.0) (7.0,10.0) (4.0,8.0) (8.0,2.0) (7.0,4.0) (5.0,4.0) (13.0,7.0) (11.0,8.0) (4.0,7.0) (5.0,8.0) (4.0,10.0) (5.0,7.0) (11.0,5.0) (7.0,6.0) (8.0,7.0) (5.0,11.0) (6.0,8.0) (7.0,8.0) (7.0,13.0) (10.0,4.0) (6.0,7.0) (3.0,11.0) (11.0,4.0) (7.0,11.0) (10.0,11.0) (4.0,5.0) (2.0,11.0) (7.0,2.0) (9.0,2.0)
numgame: 156, moves: 46, (8.0,9.0) (6.0,7.0) (3.0,10.0) (13.0,6.0) (10.0,12.0) (10.0,3.0) (7.0,9.0) (9.0,8.0) (2.0,6.0) (9.0,2.0) (5.0,5.0) (10.0,10.0) (10.0,5.0) (11.0,8.0) (6.0,8.0) (4.0,8.0) (8.0,10.0) (7.0,10.0) (5.0,12.0) (12.0,5.0) (5.0,10.0) (7.0,8.0) (8.0,7.0) (7.0,6.0) (8.0,5.0) (11.0,5.0) (7.0,7.0) (10.0,7.0) (9.0,7.0) (11.0,7.0) (10.0,8.0) (11.0,4.0) (7.0,11.0) (8.0,8.0) (13.0,9.0) (8.0,11.0) (11.0,11.0) (10.0,13.0) (12.0,4.0) (10.0,11.0) (10.0,14.0) (8.0,6.0) (12.0,10.0) (9.0,13.0) (11.0,15.0) (7.0,4.0)
numgame: 157, moves: 50, (5.0,3.0) (8.0,6.0) (9.0,13.0) (12.0,10.0) (6.0,7.0) (6.0,8.0) (7.0,7.0) (5.0,12.0) (3.0,5.0) (10.0,10.0) (10.0,5.0) (5.0,5.0) (2.0,6.0) (7.0,9.0) (9.0,7.0) (7.0,11.0) (7.0,5.0) (8.0,9.0) (5.0,7.0) (4.0,5.0) (7.0,8.0) (4.0,7.0) (8.0,7.0) (5.0,4.0) (7.0,10.0) (2.0,7.0) (4.0,8.0) (8.0,8.0) (5.0,10.0) (7.0,4.0) (4.0,13.0) (8.0,4.0) (8.0,5.0) (6.0,2.0) (8.0,10.0) (5.0,13.0) (5.0,2.0) (5.0,8.0) (8.0,11.0) (10.0,13.0) (5.0,11.0) (10.0,11.0) (7.0,6.0) (4.0,3.0) (4.0,4.0) (4.0,12.0) (11.0,8.0) (7.0,2.0) (10.0,2.0) (10.0,12.0)
